     0
  6325
  5230
  4625
  3605
  2985
  3185
  3895
  5050
  6055
  6740
  6005
  5465
  4685
  3825
  3055
  4195
  4880
  5990
  6610
  6475
  5400
  5050
  4265
  3115
  3900
  5060
  6070
  6630
  5900
  4995
  4120
  3130
  3865
  4820
  5315
  6205
  6865
  5995
  5335
  4250
  3390
  3275
  4470
  5060
  6175
  6660
  5870
  5060
  4355
  3480
  3255
  4385
  5085
  5490
  6405
  6295
  5650
  4695
  3870
  3235
  3115
  4185
  4640
  5235
  5815
  6415
  6420
  5785
  4975
  4360
  3475
  3225
  3745
  4715
  4975
  5925
  6435
  6600
  5525
  5230
  4925
  3850
  3385
  3065
  3450
  3870
  4685
  5135
  5790
  6575
  6465
  6040
  5325
  4975
  4605
  4150
  3135
  3120
  3395
  4150
  4345
  4965
  5055
  5530
  6015
  6485
  6565
  6375
  6335
  5835
  5485
  5290
  4810
  4370
  3770
  3340
  3105
  2980
  3140
  3275
  3425
  3930
  4470
  4700
  4930
  5345
  5900
  6195
  6715
  6825
  6505
  6220
  6130
  5525
  5035
  4650
  3785
  3145
  3005
  3545
  3370
  3235
  3615
  3880
  4370
  4845
  5070
  5150
  5475
  5860
  5845
  5970
  6285
  6740
  6755
  6630
  6750
  5980
  5960
  5545
  5095
  4700
  4380
  4060
  3725
  2930
  2935
  3475
  3820
  4315
  4550
  4685
  5165
  4990
  5160
  5530
  5945
  6080
  6665
  6810
  6275
  5760
  5415
  4995
  4860
  4260
  3200
  3210
  3715
  4080
  4325
  4225
  4565
  4650
  4970
  5200
  5595
  6390
  6660
  6395
  6290
  5390
  5330
  5050
  4910
  4825
  4690
  4295
  4395
  4355
  4400
  4190
  4070
  4030
  4215
  3340
  3305
  3020
  3190
  3435
  3515
  3775
  3775
  3205
  3100
  2955
  3360
  3420
  3300
  3605
  4245
  4140
  3825
  3120
  3060
  2995
  3320
  3475
  3715
  3670
  3895
  4355
  4650
  4515
  4825
  5005
  4780
  5040
  4735
  4945
  5145
  5355
  5600
  5860
  5950
  6290
  6575
  6945
  6590
  6120
  5455
  4910
  4260
  3620
  3290
  3265
  3710
  4255
  4690
  4850
  5240
  5740
  6440
  6420
  6320
  5220
  4650
  3620
  3195
  3395
  4200
  5000
  5275
  6090
  6610
  6980
  6310
  5535
  5170
  3855
  3135
  3600
  4575
  5275
  5765
  6420
  6595
  6325
  5155
  4040
  3175
  3635
  4915
  5745
  6795
  6550
  5400
  4850
  3940
  2995
  4075
  4890
  5820
  6680
  6225
  5205
  4200
  3375
  4285
  5080
  6275
  6480
  5850
  5315
  4450
  3165
  3945
  4625
  5345
  5530
  6250
  6600
  5870
  4885
  3720
  3375
  4790
  6095
  6660
  5185
  3690
  3640
  4900
  5885
  6505
  5530
  3980
  3160
  3775
  5160
  6005
  6480
  5190
  3320
  4015
  5220
  6300
  6680
  5870
  4560
  3075
  3530
  4465
  5325
  6745
  5995
  4700
  3710
  4310
  5260
  6385
  5785
  4625
  3330
  4345
  5430
  6585
  6335
  4715
  3445
  4010
  5270
  6495
  5945
  4760
  3430
  4435
  5305
  6115
  6265
  5075
  3970
  3515
  4755
  5570
  6845
  5805
  4545
  3200
  4595
  5715
  6670
  4450
  3310
  4580
  5435
  6455
  5645
  4200
  3215
  4760
  5660
  6380
  4710
  3410
  4820
  6515
  5810
  4075
  3930
  5490
  6475
  5085
  3575
  4395
  5635
  6425
  4915
  3535
  4185
  5850
  6445
  4930
  3345
  4315
  5770
  6245
  4540
  3520
  5025
  6995
  5330
  3305
  4795
  6170
  5140
  3495
  4895
  6655
  6085
  4020
  3915
  5485
  6365
  4505
  3900
  5485
  6355
  4830
  3955
  5755
  6290
  4730
  3145
  4510
  5970
  6265
  4500
  3815
  5690
  6175
  4030
  4320
  5745
  6380
  4550
  3350
  5230
  6335
  4605
  4295
  6100
  5570
  3440
  5025
  6590
  4685
  3345
  4720
  6505
  4675
  3980
  5980
  5940
  3610
  4630
  6710
  5660
  3755
  4755
  6175
  5005
  3710
  5250
  5985
  4355
  3910
  6040
  6125
  4210
  3625
  5740
  6685
  4460
  3375
  5350
  6205
  4175
  4315
  5805
  6495
  4020
  4090
  6285
  5600
  3890
  4510
  6185
  5460
  3800
  4990
  6340
  4935
  3530
  5365
  6380
  4420
  3840
  6070
  5810
  3790
  4960
  6225
  5675
  3625
  5240
  6530
  4300
  3730
  5850
  5515
  3600
  5250
  6135
  3825
  4555
  6315
  4930
  3905
  5305
  5760
  3535
  5110
  6620
  5015
  3330
  4945
  6410
  4630
  3840
  5985
  5740
  3840
  4375
  6515
  5595
  3650
  4655
  6520
  5815
  3825
  4450
  5565
  6805
  5690
  3895
  5320
  6600
  4780
  3665
  5700
  6105
  3910
  4890
  6150
  4000
  4630
  6395
  5375
  3880
  5655
  5840
  3730
  5170
  6165
  3910
  5225
  6550
  4325
  4350
  6330
  4660
  4395
  6165
  4200
  4910
  6515
  3940
  4490
  6190
  4270
  4835
  6255
  3810
  4995
  6305
  3965
  4825
  5795
  4085
  5390
  6180
  3815
  5545
  5990
  3875
  5975
  5355
  4210
  6210
  3930
  5005
  6100
  3610
  5930
  5100
  3670
  6385
  4675
  4710
  5900
  3955
  5525
  5300
  3930
  6395
  4350
  5355
  5600
  3520
  6330
  5005
  3960
  6235
  4340
  5100
  5725
  3910
  5880
  4615
  5020
  5880
  3845
  6800
  3880
  4855
  5895
  4135
  6035
  4145
  4910
  6060
  3885
  5920
  4695
  4830
  6170
  3770
  5865
  4480
  5465
  5475
  4115
  6145
  4255
  6015
  3830
  6460
  4320
  5015
  5660
  4415
  6135
  3800
  6055
  3955
  6040
  4015
  5005
  5835
  4550
  5595
  3930
  6145
  4115
  5965
  4675
  5430
  4280
  5835
  4370
  5635
  3565
  6710
  4140
  5960
  4420
  6050
  4125
  5915
  5040
  5575
  5530
  4865
  4590
  5660
  5080
  4735
  5410
  4840
  4915
  5150
  5520
  4610
  5715
  4595
  5440
  4705
  5200
  5310
  4340
  5690
  5045
  5160
  5340
  5655
  4120
  6300
  4080
  6050
  4030
  5900
  4660
  5865
  3865
  6540
  4075
  5795
  4395
  5935
  3835
  5875
  4455
  5450
  4435
  5300
  4875
  5895
  4135
  5805
  5150
  4305
  5960
  3925
  5885
  4230
  5235
  4580
  5580
  4380
  5995
  3815
  6550
  3945
  5840
  5200
  4515
  5590
  4575
  5350
  4820
  5085
  5535
  4160
  5610
  5255
  4780
  5455
  5065
  4590
  5885
  4320
  5285
  5255
  5325
  4835
  5730
  4960
  4765
  6075
  4275
  4950
  5790
  4210
  5220
  5735
  4330
  5180
  5810
  4265
  5740
  5370
  4325
  5315
  5745
  4365
  5435
  5430
  4400
  4920
  5690
  5095
  4560
  5705
  5160
  4380
  5430
  5025
  4450
  5235
  5900
  4130
  5725
  5490
  4605
  5035
  4970
  5750
  4145
  4970
  5405
  5050
  5065
  4525
  5240
  5525
  4420
  4805
  5385
  4900
  5145
  4685
  5295
  5435
  4135
  5270
  5480
  5330
  4725
  5015
  5465
  5480
  4065
  5440
  5355
  5780
  4400
  4890
  5165
  5140
  5255
  4180
  5060
  5860
  4240
  5120
  5290
  5075
  5150
  4450
  5310
  5275
  4860
  5305
  4310
  5645
  5265
  5100
  4230
  4965
  5010
  5335
  5320
  4845
  5335
  4450
  5020
  4935
  5385
  5010
  5445
  5170
  4650
  5035
  4705
  5380
  5120
  5635
  4995
  5335
  4690
  4990
  4705
  5550
  5275
  4975
  5130
  4235
  5565
  5385
  5290
  4495
  5390
  5240
  5120
  4965
  4265
  5520
  5280
  5625
  4580
  5235
  4995
  5570
  5285
  4840
  5215
  4485
  5205
  4560
  5545
  4995
  5925
  5075
  4975
  4815
  5330
  5120
  5455
  5100
  5045
  5185
  4490
  5160
  5150
  5115
  5190
  5485
  4845
  5445
  4580
  4705
  4820
  5385
  5035
  5195
  5130
  5240
  4965
  4975
  5205
  5435
  4925
  5025
  4985
  4950
  5170
  4750
  5480
  4860
  5360
  5015
  5215
  4765
  5265
  5070
  5415
  4680
  5370
  5210
  4850
  5320
  5350
  5060
  5155
  4935
  5075
  4915
  5430
  4725
  5285
  4435
  5080
  4710
  5660
  5175
  4620
  5410
  5425
  4785
  5230
  4875
  5200
  4635
  5045
  4870
  5355
  4855
  5000
  5205
  5120
  5245
  5060
  5030
  5030
  5110
  5375
  5110
  5370
  4580
  5505
  5115
  5060
  5115
  4825
  5330
  4865
  5300
  5215
  5165
  5095
  4610
  5305
  4905
  5060
  5415
  4710
  5390
  5075
  5260
  4825
  4905
  5340
  4650
  5265
  4550
  5235
  5755
  4885
  5490
  4815
  4925
  4810
  5075
  5390
  4385
  5285
  4995
  5020
  5055
  4965
  5560
  4920
  5305
  5110
  4990
  5165
  5195
  5155
  4505
  5190
  5010
  5550
  5635
  4575
  5070
  4930
  4630
  5465
  4735
  5375
  5120
  4525
  5070
  5525
  4390
  5145
  4850
  4855
  5625
  4940
  5545
  5350
  4625
  5035
  4495
  5085
  5410
  5075
  5370
  4900
  5145
  4950
  4510
  5125
  4840
  5685
  5345
  4515
  4940
  5445
  5025
  5170
  4810
  4865
  5575
  4460
  4840
  5595
  4980
  4815
  5465
  4540
  5785
  5225
  4830
  5095
  5320
  4990
  5260
  4930
  4685
  5560
  5065
  4460
  5420
  5300
  4550
  5160
  5510
  4785
  4960
  5775
  4515
  4950
  5525
  4510
  4940
  5200
  5115
  5140
  4525
  5100
  5620
  4720
  4890
  5420
  5075
  5325
  4900
  5080
  5795
  4280
  5165
  5590
  4465
  5125
  5485
  4555
  5085
  5535
  4790
  4945
  5255
  4950
  4810
  5640
  4800
  5095
  4845
  4970
  5625
  4625
  5055
  5730
  4640
  5030
  5560
  4500
  5260
  5135
  4960
  5400
  4400
  4900
  5655
  4505
  5010
  5700
  4520
  4910
  5845
  4525
  5150
  5500
  4755
  5325
  4600
  5715
  4985
  4550
  5595
  5110
  5495
  4445
  5275
  5270
  5385
  4880
  5070
  5320
  5175
  5080
  4695
  5660
  5335
  5075
  4545
  5130
  5680
  4380
  5210
  5055
  5330
  4505
  5215
  5080
  5530
  4540
  5130
  5065
  5455
  4485
  5225
  5535
  5175
  4445
  5260
  5145
  4895
  4845
  4995
  5530
  4760
  5255
  4980
  5290
  4730
  5250
  4880
  5175
  4905
  5425
  5445
  4660
  5055
  4800
  5530
  5040
  5010
  4940
  5610
  4825
  5630
  5210
  4805
  5030
  5145
  5315
  5325
  4465
  5005
  5195
  5750
  4935
  4760
  5110
  5280
  5340
  4870
  4815
  5000
  4720
  5170
  5405
  4960
  4825
  4810
  5550
  5040
  5515
  4410
  5605
  4935
  5230
  4620
  5335
  4945
  5040
  4445
  4975
  5540
  4980
  4890
  5250
  4770
  4930
  5590
  4880
  5225
  5055
  4820
  4835
  4875
  5015
  5420
  4960
  5150
  4920
  4860
  5355
  5390
  4890
  4635
  5180
  5420
  5075
  5055
  5560
  5150
  4700
  5160
  5075
  5150
  5370
  4720
  4665
  5230
  5135
  5120
  4810
  5030
  5425
  5065
  5035
  4750
  5225
  5120
  4635
  5460
  5135
  5055
  4670
  5505
  5145
  5080
  4795
  4675
  5430
  5295
  5015
  5000
  5150
  5245
  4960
  4695
  5100
  5530
  5080
  5430
  5330
  4600
  5175
  4975
  5325
  5315
  4915
  5140
  5645
  4915
  5200
  5050
  5025
  4680
  5070
  5115
  4905
  4975
  4955
  5140
  4650
  4870
  5375
  5030
  4810
  5235
  5070
  4965
  5185
  4950
  5090
  5030
  5040
  5085
  5080
  5145
  5180
  5160
  4905
  5125
  4965
  5010
  5055
  5330
  5090
  5230
  4970
  5060
  5015
  5045
  5125
  4865
  4705
  5855
  5420
  4960
  5310
  4910
  5350
  5430
  5005
  4650
  4890
  5715
  5080
  4685
  5200
  4970
  4700
  4770
  5350
  5055
  5160
  5045
  4875
  5255
  4915
  5395
  5125
  5200
  5325
  5210
  4885
  4865
  5240
  5230
  5210
  4955
  5335
  5355
  5280
  5020
  4940
  4755
  5060
  5280
  5120
  4895
  5210
  5205
  4980
  5480
  5150
  5010
  4990
  5040
  5150
  5430
  4945
  4870
  5065
  4830
  5155
  4945
  5155
  5535
  4705
  5015
  5105
  4860
  5355
  5125
  4910
  4915
  5430
  4790
  5105
  5005
  4925
  5245
  5260
  5020
  5385
  5040
  5205
  4625
  5300
  5035
  4920
  5175
  5120
  5295
  4975
  5265
  5095
  5170
  5140
  4860
  4835
  4845
  4975
  5215
  5335
  5065
  5195
  4930
  5640
  4665
  4950
  5235
  5305
  5185
  5130
  5285
  5155
  4900
  4975
  5420
  5320
  4725
  5195
  5345
  5260
  5040
  5040
  5165
  5070
  5175
  4765
  5615
  5420
  4930
  5585
  4875
  4815
  5415
  5140
  5495
  4965
  5125
  5580
  4970
  4775
  5355
  5205
  4800
  5060
  5450
  5345
  4995
  5205
  5150
  5365
  4640
  4880
  5425
  5205
  5275
  5030
  5215
  4845
  5150
  5535
  4620
  4765
  4915
  5330
  5115
  5145
  5275
  5025
  4945
  5495
  4820
  5345
  5240
  5300
  4995
  5600
  5505
  4520
  5060
  5455
  4805
  5100
  5470
  5095
  4780
  5805
  4500
  5230
  5260
  5690
  4725
  5380
  5290
  5240
  4620
  4940
  5445
  5265
  5045
  5395
  5095
  4895
  5305
  5265
  4635
  5165
  5380
  5220
  4920
  5095
  5330
  5315
  4890
  5375
  4995
  4760
  5385
  5295
  5225
  4705
  5115
  5190
  5240
  5270
  4640
  5295
  5155
  4725
  4880
  5175
  5215
  5070
  4915
  5210
  4900
  5250
  4475
  4865
  5000
  5135
  4855
  5365
  4685
  5030
  5710
  4365
  5310
  5100
  4905
  5205
  5110
  5405
  4930
  5270
  5180
  5370
  4820
  5055
  5145
  5410
  4665
  5170
  5565
  4655
  5475
  5295
  4735
  5190
  5400
  5370
  4495
  5655
  4990
  5025
  5480
  5045
  4850
  5165
  5510
  4655
  5555
  5095
  4980
  5530
  4690
  5225
  5085
  5445
  4660
  5095
  5330
  4805
  5015
  5610
  4790
  5680
  5055
  4890
  5165
  5155
  4810
  5040
  5775
  4675
  5075
  5045
  5595
  4770
  5250
  5275
  5170
  5555
  5300
  4695
  5085
  5300
  5165
  4845
  5560
  4995
  5675
  4475
  5130
  5350
  4850
  5195
  5555
  4450
  5315
  5500
  4885
  5525
  5225
  5020
  5315
  5090
  5060
  4950
  5625
  4495
  5360
  5070
  5080
  5135
  5570
  5025
  4755
  5325
  4965
  5520
  4730
  4980
  5685
  4695
  5450
  5295
  4900
  5260
  5415
  4840
  5840
  5170
  5200
  5190
  5295
  5685
  4670
  5345
  5185
  5175
  5035
  5200
  5095
  5435
  4675
  5760
  4965
  4785
  5575
  4960
  5380
  4590
  5170
  5265
  5135
  5195
  4895
  5265
  5260
  4820
  5580
  5080
  5360
  4840
  5305
  5385
  4935
  5130
  5440
  4415
  5140
  5370
  4525
  5305
  5430
  5050
  5125
  5290
  4760
  5390
  5265
  5075
  5105
  5150
  4950
  5170
  5580
  4665
  5330
  5005
  5530
  4615
  5255
  5065
  5000
  5520
  5170
  4985
  5200
  5030
  5585
  4715
  5310
  5135
  4735
  5260
  5105
  4990
  5625
  4870
  6025
  4705
  5070
  5335
  4885
  4895
  5170
  5095
  5330
  4795
  5505
  4740
  5350
  5675
  4695
  5260
  5005
  5165
  5210
  5015
  5190
  5165
  5170
  4830
  4970
  5400
  5170
  5415
  4910
  5085
  5110
  5055
  4820
  5615
  4615
  5720
  4835
  5545
  4600
  5125
  4910
  5055
  5305
  4830
  5420
  4995
  5250
  5215
  5050
  4640
  5435
  5450
  4840
  5605
  4905
  5350
  5285
  4795
  5370
  5045
  5330
  5065
  5390
  4755
  5575
  5715
  5020
  5195
  5275
  4905
  5690
  4960
  5175
  4915
  5015
  5520
  4975
  5235
  5255
  5375
  4905
  5650
  4680
  5280
  5775
  4665
  5025
  5480
  4775
  5035
  5605
  4550
  5150
  5135
  4735
  5260
  4785
  5305
  5030
  5375
  4790
  5340
  4760
  5420
  5485
  4750
  5610
  4745
  5305
  5080
  5610
  4910
  4910
  5650
  4645
  5370
  5040
  5085
  4850
  5130
  4945
  5035
  5425
  4970
  5200
  5420
  5310
  4845
  5245
  5415
  4795
  5235
  5340
  4825
  5370
  4960
  5650
  4540
  5245
  5015
  5205
  5190
  4895
  5315
  5415
  4815
  5480
  4980
  5085
  5545
  5195
  4990
  5190
  5175
  5460
  5130
  5175
  4905
  5120
  5080
  5650
  4840
  5100
  5160
  5125
  5180
  5225
  5090
  5055
  5465
  4800
  5040
  5130
  4865
  5345
  5465
  5550
  4705
  5235
  5535
  4750
  5190
  5325
  5705
  4995
  5035
  5645
  5365
  5135
  5300
  5415
  5045
  5010
  5435
  5285
  5205
  5160
  5685
  4910
  5120
  5055
  5425
  4680
  5455
  5130
  5135
  5090
  5295
  5755
  4685
  5405
  5195
  4960
  5170
  5670
  4935
  5440
  5305
  5375
  5195
  5295
  4480
  5415
  5010
  5065
  4825
  5120
  5420
  4995
  5000
  5055
  5735
  4975
  5285
  5040
  5450
  4790
  5270
  4705
  5390
  5210
  4990
  5055
  5155
  4910
  5320
  5160
  5440
  5150
  5270
  5005
  4990
  5285
  5450
  5140
  5230
  5340
  5260
  5375
  5465
  5080
  4915
  4955
  5500
  5175
  4745
  5230
  5750
  5010
  5400
  4945
  5455
  5435
  5070
  4970
  4955
  5625
  5150
  5345
  5415
  5145
  5330
  5200
  5325
  5265
  5190
  5145
  5185
  5280
  5660
  5120
  5085
  4915
  5515
  5480
  5235
  5270
  5245
  4865
  4980
  4970
  5275
  4860
  5275
  5040
  4810
  5140
  4920
  5120
  5490
  5255
  5030
  5670
  4985
  4895
  5280
  5055
  5375
  4680
  4985
  5555
  4905
  5330
  5270
  5055
  5165
  5090
  5190
  5120
  4970
  4925
  5455
  5115
  5165
  4920
  5335
  5300
  4970
  5085
  5190
  5015
  5015
  5105
  5110
  5175
  5515
  5280
  4905
  5165
  5410
  4880
  5815
  5070
  5110
  5225
  5115
  4845
  5480
  5235
  4940
  5505
  4810
  5495
  5095
  5340
  5205
  5535
  5265
  4755
  5835
  5425
  4760
  5040
  5215
  4850
  4930
  5345
  5065
  5485
  4985
  5400
  4850
  5545
  4680
  5430
  5145
  4960
  5100
  5085
  5310
  5085
  5065
  4895
  5190
  5180
  5095
  5100
  4980
  5290
  5300
  4915
  5535
  4945
  4920
  5410
  4700
  5095
  5225
  4905
  5810
  4895
  5260
  4890
  5560
  4915
  5575
  5095
  4765
  5475
  5295
  5180
  5425
  5335
  4820
  5205
  5275
  5210
  5345
  5080
  5165
  5360
  5310
  5215
  5145
  5080
  4845
  5460
  5325
  5200
  5145
  5035
  5195
  5095
  5495
  5290
  5215
  5095
  5115
  5005
  5155
  5430
  5470
  5285
  5050
  5050
  5265
  5120
  5085
  5230
  5120
  5180
  5350
  5005
  5220
  5235
  5155
  5175
  5155
  5195
  5235
  5020
  5425
  5085
  5315
  5285
  5070
  5125
  5190
  5660
  5320
  5130
  5015
  5105
  5465
  5160
  5225
  5030
  5305
  4940
  5185
  5275
  5020
  5065
  5135
  4865
  5035
  5340
  5185
  5225
  5050
  5315
  5215
  5355
  5280
  5180
  5105
  5510
  5400
  5200
  5225
  5115
  5160
  5115
  5010
  5290
  5550
  5010
  5185
  5135
  5435
  5205
  5230
  4975
  5280
  4880
  5520
  5160
  5600
  5170
  5015
  5700
  5180
  5125
  5180
  5075
  5320
  5010
  5385
  5530
  5250
  5060
  4950
  5750
  4950
  4505
  5450
  5370
  5470
  5180
  5115
  5480
  5275
  4745
  5710
  5520
  5515
  4790
  5060
  5195
  5025
  5580
  4855
  4525
  5155
  4935
  4990
  5165
  5680
  5125
  5255
  4920
  5635
  5385
  4930
  5515
  5260
  5500
  4700
  4555
  5280
  4820
  4735
  5370
  5300
  4985
  5495
  4935
  5255
  5535
  5110
  5170
  5495
  5230
  4730
  5375
  5450
  5775
  5020
  5090
  5125
  5155
  5380
  5360
  4760
  5585
  5165
  5140
  5065
  4930
  5330
  5530
  5075
  5090
  5220
  5430
  4990
  5290
  5130
  5710
  5015
  5315
  4910
  5455
  4715
  5510
  4975
  5435
  5140
  4905
  5560
  4985
  5290
  5155
  5250
  5200
  4960
  5300
  4535
  5335
  4655
  5400
  5640
  4550
  5575
  4770
  5100
  5340
  4710
  5020
  5705
  4935
  5315
  5325
  5285
  5465
  5360
  4955
  5715
  5115
  5165
  5260
  5405
  5195
  5215
  5255
  5070
  5140
  5415
  4950
  4395
  5515
  5000
  4610
  5175
  5345
  5015
  5105
  4955
  5345
  4945
  5000
  5290
  5285
  4945
  4800
  5020
  5265
  5260
  5275
  5690
  5125
  5000
  5330
  4955
  5325
  4900
  5545
  4815
  5020
  5065
  4695
  5480
  5545
  4920
  5390
  5685
  5375
  4920
  4845
  5230
  5060
  4530
  5495
  4950
  5795
  5040
  5585
  5175
  4910
  5550
  5090
  5140
  5170
  4995
  5000
  5630
  4820
  5460
  5225
  4840
  5085
  5185
  5165
  5015
  5265
  4940
  5225
  5020
  5220
  5450
  5110
  5135
  4830
  5145
  4910
  4620
  5510
  5510
  5085
  5570
  4710
  5205
  5020
  4955
  5080
  5080
  4995
  5120
  5345
  4960
  5250
  5050
  5055
  4735
  5255
  5540
  4955
  4730
  4835
  5365
  4990
  5440
  5745
  5055
  4945
  5805
  5360
  4865
  5260
  5375
  4985
  5440
  5235
  5665
  4945
  4965
  5060
  4890
  5035
  5360
  4680
  5100
  5630
  5165
  5115
  5145
  5390
  5090
  5215
  5660
  5095
  4680
  5680
  5390
  4860
  5570
  5170
  4790
  4910
  5005
  5505
  4805
  5265
  5465
  5055
  4935
  4980
  5530
  4995
  5135
  5220
  5210
  4885
  4810
  5530
  5025
  5275
  5480
  4980
  5040
  5710
  5200
  4935
  5250
  5465
  4955
  5475
  5145
  4895
  5145
  5190
  4985
  4790
  5215
  5435
  5045
  4385
  5140
  4985
  4725
  5230
  5025
  4760
  5285
  5255
  5205
  5105
  5440
  4995
  5435
  4950
  5030
  5375
  5290
  5110
  5485
  5235
  5070
  4940
  5265
  5265
  5620
  5140
  5045
  5280
  5060
  4740
  5200
  5890
  5060
  5145
  4805
  5680
  5110
  4825
  5465
  4885
  4775
  5275
  4995
  5055
  4760
  5020
  5730
  4870
  5165
  5010
  4940
  5335
  5980
  4910
  5195
  5350
  4945
  5110
  5520
  4770
  5475
  5500
  4800
  5120
  5845
  5010
  4945
  5290
  5025
  4695
  5090
  5300
  4700
  5035
  5600
  4940
  5330
  4855
  4990
  4740
  5195
  5750
  4935
  5020
  5220
  5020
  4875
  5335
  4910
  4975
  5095
  5600
  5005
  5125
  5045
  4785
  4710
  5120
  5510
  4900
  5305
  5495
  4685
  5225
  5115
  4750
  4995
  5685
  4870
  5015
  5320
  5255
  5135
  4610
  5545
  5305
  5050
  4975
  5205
  4630
  4990
  4915
  4855
  5115
  4815
  4900
  5360
  5545
  4875
  4780
  5170
  5520
  4845
  4995
  5160
  5490
  5005
  4985
  4830
  5580
  4980
  5240
  4995
  5180
  5125
  5180
  5090
  5355
  5140
  4960
  5190
  5095
  5510
  5125
  4795
  4795
  5375
  4850
  5425
  5165
  5660
  4820
  5440
  5420
  5305
  5165
  5435
  4885
  5270
  5010
  4435
  5150
  5015
  5025
  4385
  4845
  5605
  4935
  4905
  5115
  5545
  4950
  5275
  4940
  5445
  4950
  5170
  5155
  5680
  5120
  5020
  5330
  5200
  5245
  4950
  5425
  5200
  5670
  5075
  4955
  5140
  5135
  5835
  5165
  4755
  5330
  5330
  5240
  4900
  5040
  5175
  5675
  4770
  5195
  5565
  4755
  4815
  5045
  5630
  4735
  4905
  5220
  5415
  5385
  4825
  5385
  5055
  5500
  4830
  4925
  4910
  5125
  5435
  5010
  4950
  5195
  5015
  5480
  4925
  4900
  5170
  5410
  4880
  4750
  5195
  5235
  5410
  5105
  5255
  5200
  5275
  5040
  4955
  4730
  5585
  5150
  5035
  5350
  4805
  4755
  5085
  5245
  5330
  4690
  5195
  5080
  5495
  5005
  5050
  5295
  5170
  5500
  5090
  4905
  5030
  5180
  5540
  4965
  5060
  5120
  4655
  5465
  5285
  5245
  5140
  4940
  5345
  5100
  4925
  5030
  5315
  4590
  5420
  5490
  4895
  5360
  5430
  5075
  4935
  4885
  5005
  5075
  5300
  4975
  5395
  5305
  5305
  5185
  5125
  5230
  5165
  5195
  4820
  5295
  5460
  5180
  5065
  5220
  4655
  5210
  5280
  5140
  5225
  5045
  5225
  5220
  5100
  4975
  5385
  5305
  5285
  5045
  4960
  4935
  4905
  5260
  5270
  5315
  5105
  5040
  4940
  5180
  5190
  5085
  5215
  5155
  5150
  4795
  5090
  5450
  5045
  5240
  4955
  5550
  5170
  5295
  5215
  5055
  4690
  5280
  5145
  5125
  4895
  5150
  5290
  5215
  5170
  5135
  5145
  5240
  5215
  4965
  4875
  5255
  5560
  5135
  4915
  5130
  5140
  4765
  5005
  5075
  5365
  5020
  4840
  5175
  5140
  5320
  5045
  5045
  5160
  5470
  5050
  5150
  4885
  5665
  5185
  5015
  4755
  5125
  4875
  5015
  5520
  5205
  5005
  5035
  4935
  5245
  4910
  5475
  5065
  5145
  4900
  5095
  4910
  4950
  5375
  5155
  5020
  4950
  5360
  5325
  4835
  5200
  4890
  5665
  4605
  5215
  5215
  4955
  4920
  5035
  5370
  4900
  4955
  5165
  4955
  5630
  4905
  5025
  5035
  5130
  4980
  5245
  5125
  5050
  5355
  4960
  4960
  5425
  5285
  4965
  5300
  4975
  4960
  5060
  5090
  5120
  5000
  5115
  5660
  5085
  5020
  5165
  4810
  5015
  5285
  5005
  5040
  5020
  5360
  5220
  5200
  5135
  5285
  5185
  4875
  5275
  5140
  4985
  5245
  5225
  5325
  4865
  4945
  5470
  5260
  5140
  5130
  4880
  5430
  5015
  5150
  5570
  5285
  5170
  5305
  5015
  5270
  5150
  5305
  5165
  5065
  5155
  5255
  5145
  5230
  4880
  4985
  5065
  5160
  5025
  5160
  5420
  5135
  5215
  5605
  5320
  5205
  4985
  5115
  5035
  5150
  5100
  5100
  4840
  5090
  4930
  5090
  5490
  5160
  5110
  5190
  5040
  5245
  5100
  5030
  5140
  5080
  5305
  5230
  5340
  4985
  4865
  5170
  5080
  5350
  5345
  5100
  4955
  5015
  5260
  5160
  5300
  5065
  5030
  5120
  5385
  5030
  5610
  5200
  5225
  5090
  5230
  5175
  5225
  4855
  5080
  5015
  5290
  5160
  5155
  4925
  5255
  5010
  5200
  5400
  5140
  5075
  5275
  5040
  5045
  5085
  5170
  4945
  5070
  5195
  5185
  5125
  5290
  5375
  5275
  5055
  5165
  5325
  5275
  5285
  5150
  5080
  5260
  4995
  5035
  5295
  5245
  4970
  5090
  4970
  4905
  5245
  5310
  5085
  5365
  5185
  5195
  4905
  5155
  4850
  5375
  5480
  4880
  5210
  4770
  5205
  4895
  4910
  5220
  5150
  4535
  5315
  5550
  4780
  5355
  5155
  5185
  4855
  5020
  5110
  5035
  4850
  5045
  4910
  5005
  5365
  5250
  5070
  5265
  5365
  5060
  5060
  5040
  5285
  5030
  5560
  5260
  5105
  5185
  5480
  5385
  5180
  4875
  4880
  5005
  5105
  5120
  5240
  4935
  4930
  5230
  4840
  5240
  5125
  5190
  5125
  5110
  5145
  5240
  4950
  5275
  5280
  5220
  5250
  4950
  5380
  5105
  5090
  5020
  4800
  5160
  5370
  5270
  5220
  5345
  5135
  5135
  4995
  4985
  5005
  5160
  5145
  4860
  5370
  5055
  5035
  5275
  5265
  4825
  5410
  5285
  5155
  5105
  4750
  4885
  5300
  5105
  5115
  5035
  5105
  5240
  4915
  5250
  4800
  4970
  5220
  5490
  5150
  5180
  5175
  5120
  5160
  5115
  4895
  5115
  4945
  5195
  5035
  4695
  5110
  5395
  5245
  5590
  5215
  4930
  5205
  5050
  5195
  5065
  4945
  5115
  5020
  5080
  5030
  5295
  5235
  5340
  5270
  4995
  5240
  4910
  5070
  5235
  5275
  5030
  5025
  5180
  5240
  5090
  5150
  5195
  4910
  5030
  5055
  5275
  5080
  5160
  5010
  5050
  4985
  5195
  5110
  4935
  5045
  5335
  5445
  5125
  5025
  5145
  5390
  5245
  5075
  5070
  4975
  5025
  4910
  5010
  5005
  5110
  5195
  5215
  5005
  4810
  5025
  5450
  5230
  5250
  5225
  5050
  5280
  5360
  5050
  5135
  4895
  5370
  5165
  5190
  4970
  4710
  5130
  5490
  5235
  5435
  4960
  4915
  5220
  5350
  5175
  4965
  5115
  5290
  5135
  5070
  4990
  5105
  5090
  5110
  4940
  5095
  5090
  5150
  5010
  4765
  4970
  4910
  5340
  5210
  5305
  5355
  5235
  5035
  5080
  5060
  5040
  5390
  5190
  5050
  4975
  5095
  5120
  5310
  5140
  4950
  5090
  5185
  5275
  5470
  5150
  5225
  5050
  5205
  5095
  4830
  5175
  5175
  5185
  5155
  5130
  5050
  5135
  5530
  4825
  4940
  5380
  5020
  5240
  5300
  5305
  5215
  5150
  5140
  4880
  4990
  5130
  5240
  4960
  5270
  5205
  5275
  4765
  5170
  5175
  4985
  5225
  5065
  5000
  5145
  5450
  5070
  5180
  5165
  5380
  5100
  5295
  5195
  5215
  5025
  5245
  5230
  5115
  4825
  5645
  5040
  5210
  5195
  5110
  4780
  4890
  5115
  5105
  4795
  5305
  5115
  5235
  5325
  5140
  5105
  4990
  5040
  5075
  5025
  5330
  5250
  5190
  5085
  5345
  4920
  5205
  5280
  5075
  5170
  5175
  4805
  4945
  5020
  5370
  5345
  5025
  5050
  5300
  5145
  5070
  5320
  5305
  5110
  5065
  5060
  5130
  5225
  4975
  5150
  5080
  5575
  5455
  5220
  5120
  5065
  5180
  5110
  5135
  5145
  5040
  5005
  5315
  5215
  5030
  5225
  4770
  5095
  5200
  5295
  5165
  5235
  4905
  5375
  5235
  4940
  5180
  5275
  5170
  4925
  5055
  5275
  5330
  5335
  5095
  5045
  5015
  4900
  4850
  5260
  5165
  4940
  5080
  5000
  5190
  4995
  5040
  4955
  5025
  5045
  5150
  5025
  4935
  5170
  5175
  5175
  5280
  5260
  4660
  5220
  5060
  4990
  5150
  5200
  5105
  5175
  5090
  5110
  5130
  5255
  4970
  5015
  5215
  5255
  5015
  5115
  5255
  4960
  5030
  5200
  5195
  5095
  5065
  5225
  5080
  5075
  5050
  5010
  5255
  5340
  5035
  5305
  5475
  5170
  5070
  5055
  4950
  5175
  5455
  5275
  5005
  4950
  5045
  5165
  5450
  5170
  5395
  5020
  5090
  4915
  5140
  5005
  5020
  5465
  5055
  4995
  5160
  5050
  5015
  5470
  5110
  5030
  5000
  5140
  5020
  5075
  4985
  5295
  5575
  4970
  4880
  5115
  4990
  5055
  5070
  5080
  5075
  4965
  5010
  5060
  5230
  5165
  4805
  4900
  5055
  5190
  4960
  5155
  5060
  5305
  5005
  4905
  5100
  5175
  5245
  5245
  4800
  5030
  5020
  5230
  5315
  5105
  4825
  5060
  5155
  5280
  5280
  5230
  4830
  5170
  4850
  4935
  4945
  5495
  5105
  5035
  4950
  5000
  5115
  5095
  5320
  5340
  5010
  5050
  5240
  5390
  5265
  5125
  5150
  5235
  5175
  5475
  4780
  5180
  5175
  5190
  5275
  5200
  4805
  4945
  5195
  5375
  5195
  5075
  5150
  5315
  4760
  5060
  5100
  5370
  5235
  4935
  4635
  5075
  5205
  5425
  5215
  5250
  4705
  5205
  5065
  5245
  5085
  4605
  5115
  5250
  5170
  5055
  5075
  5205
  5200
  5185
  5330
  5220
  4925
  4835
  5095
  5175
  5210
  5355
  4905
  4790
  5020
  5180
  5200
  5145
  5125
  5095
  5305
  5160
  4580
  5465
  5095
  4695
  5575
  5005
  5130
  5265
  5320
  5205
  5040
  4980
  5065
  5040
  5090
  5230
  4705
  5205
  5105
  5130
  5080
  5000
  5250
  5105
  5320
  4865
  5015
  5375
  5355
  4845
  5785
  5080
  5125
  5295
  5235
  5190
  5015
  5065
  5295
  5230
  4810
  5015
  5190
  4945
  5205
  4930
  4815
  5475
  4775
  5180
  5330
  5350
  4840
  4925
  5240
  5530
  5190
  4970
  4935
  5430
  4810
  5185
  4965
  5210
  5195
  4890
  5230
  5155
  5065
  4975
  5225
  5350
  5070
  4885
  4870
  5575
  4830
  5030
  5580
  4885
  5315
  5430
  4830
  5500
  5120
  5145
  4995
  5065
  5130
  5480
  5180
  5200
  4770
  5275
  4980
  4960
  5330
  5195
  4950
  4825
  5340
  5675
  5140
  4965
  5480
  4960
  5415
  4945
  5150
  5215
  5285
  4970
  5445
  5525
  4845
  5390
  4960
  5270
  5265
  4840
  5350
  5225
  4900
  5275
  5355
  5265
  4750
  5035
  5200
  5045
  5140
  5350
  5120
  4885
  5425
  5040
  5250
  5005
  5270
  5360
  5305
  5040
  4825
  5205
  4795
  5625
  5100
  5060
  5175
  5265
  5275
  5165
  5365
  5000
  4825
  5215
  5400
  4820
  5530
  4760
  5250
  5285
  4985
  5250
  5305
  5065
  4880
  5625
  5190
  5215
  5060
  5470
  4940
  5435
  5025
  4910
  5115
  5470
  4805
  5580
  4980
  5130
  5340
  5120
  4905
  5120
  4995
  5395
  4885
  5440
  5220
  5355
  5075
  5110
  5410
  5195
  4705
  5420
  5135
  5300
  5230
  4805
  5085
  5330
  4825
  5515
  4800
  5205
  5140
  5105
  5260
  5025
  5435
  5335
  5040
  5380
  5605
  4845
  5525
  4945
  5175
  4850
  4935
  5060
  5270
  4935
  5115
  5400
  5255
  5500
  4690
  5090
  5615
  4945
  5145
  5260
  4895
  5365
  5370
  4860
  5310
  5365
  4770
  5305
  5505
  4975
  5565
  5290
  5115
  5420
  5455
  4575
  5590
  5055
  4645
  5595
  4925
  4995
  5280
  5170
  5355
  5195
  4610
  5335
  5250
  4795
  5400
  5385
  4770
  5620
  5050
  5405
  4880
  5445
  5060
  4985
  5045
  5185
  4860
  5590
  5005
  4945
  5560
  5215
  5435
  5020
  5225
  5260
  4770
  5415
  5155
  5475
  4780
  5200
  5335
  5015
  5160
  4925
  5345
  5420
  4840
  5710
  5385
  5485
  4940
  4930
  5505
  4685
  5440
  5405
  4905
  5145
  5665
  4810
  5365
  5385
  5320
  5285
  4720
  5240
  5040
  5305
  5335
  4845
  5550
  4995
  5390
  4840
  5170
  5560
  5105
  5290
  5110
  5330
  5185
  5035
  5280
  5025
  5355
  4920
  5300
  4945
  5335
  5140
  4820
  5595
  5355
  4865
  5535
  4895
  5050
  5230
  4965
  5285
  5465
  4910
  5435
  4815
  5470
  5225
  4820
  5305
  4865
  5545
  4870
  5240
  5470
  4820
  5740
  5270
  4730
  5250
  5110
  4975
  5275
  4920
  5290
  5095
  5280
  5300
  4895
  5000
  5435
  5000
  5150
  5030
  5475
  5345
  5270
  4725
  5335
  5230
  5095
  5430
  4745
  5590
  5475
  5360
  4845
  5415
  4910
  5140
  5345
  5280
  5330
  5075
  5440
  5005
  5420
  4890
  5520
  4555
  5275
  5295
  5285
  5105
  5180
  5395
  4695
  5530
  5110
  5300
  4945
  5290
  4680
  5570
  4810
  5395
  4945
  5775
  5185
  5050
  5165
  4945
  5520
  4825
  5475
  5415
  4970
  5340
  4805
  5810
  5160
  5490
  4600
  5250
  4955
  5630
  4670
  5485
  5180
  5020
  5530
  4970
  5280
  5540
  5275
  5230
  5005
  5500
  4945
  5360
  4885
  5390
  4875
  5460
  5195
  4950
  5450
  4840
  5240
  5215
  4915
  5450
  4865
  5405
  5025
  5140
  4790
  5615
  5045
  5310
  4990
  5365
  4505
  5460
  5450
  4605
  5355
  4845
  5650
  4805
  5460
  5280
  5085
  5570
  4970
  5090
  5440
  5070
  5625
  5040
  5480
  5515
  4970
  5325
  4810
  5475
  4740
  5220
  4830
  5680
  4835
  5365
  4995
  5180
  5195
  5085
  5175
  4910
  5460
  4785
  5320
  4930
  5530
  4795
  5015
  5285
  4750
  5590
  5080
  5315
  4940
  5570
  5140
  5375
  5030
  5205
  5295
  4985
  5355
  4885
  5055
  5525
  5160
  5050
  5385
  4750
  5400
  5370
  4960
  5190
  4985
  5685
  4530
  4970
  5310
  5040
  5415
  5135
  5095
  5235
  5025
  5610
  5030
  5200
  5530
  4800
  5465
  4930
  5095
  5420
  4855
  5415
  4950
  5080
  5525
  4780
  5495
  4660
  5115
  5405
  5045
  5295
  4895
  5555
  4800
  5240
  5080
  4770
  5520
  5070
  5275
  5090
  5260
  4915
  5135
  5440
  5160
  5200
  5220
  5020
  5470
  4965
  5310
  5295
  4965
  5025
  4975
  5410
  5135
  5280
  5010
  5170
  5605
  5085
  5330
  5105
  5355
  4985
  5355
  4965
  5300
  5135
  4990
  5250
  5345
  5170
  5205
  5465
  5165
  5070
  5340
  5360
  5250
  5270
  4875
  5440
  4945
  5295
  4890
  5060
  5455
  5060
  5615
  5020
  5395
  5180
  5550
  5085
  5155
  5515
  4725
  5515
  5205
  5295
  5000
  5425
  4690
  5370
  5060
  5005
  5395
  5085
  5345
  5020
  4975
  5335
  5160
  5175
  5390
  5190
  5235
  5020
  5610
  4920
  5325
  5520
  4775
  5485
  5420
  5075
  5255
  5060
  4850
  5520
  4985
  5380
  5220
  4880
  5520
  4990
  5040
  5380
  4850
  5520
  5305
  4800
  5600
  4845
  5465
  5550
  5240
  5195
  5460
  5465
  5165
  4925
  5525
  5495
  4650
  5315
  4985
  5125
  5230
  4890
  5290
  5200
  5380
  4810
  5160
  5330
  5340
  5535
  4860
  5495
  4795
  5080
  5300
  5160
  5260
  5000
  5275
  5195
  5430
  5040
  5330
  5485
  4925
  5520
  5010
  5170
  5570
  5115
  5230
  5075
  4940
  5170
  5380
  5155
  4990
  5625
  5205
  4815
  5560
  5055
  5480
  5005
  5130
  5245
  5160
  5135
  5175
  5140
  5375
  5380
  5455
  4740
  5305
  5355
  4970
  5335
  5410
  5120
  4905
  5505
  5365
  5555
  5250
  5310
  5315
  5385
  5400
  5015
  5200
  5340
  5480
  5035
  5195
  5220
  5050
  5355
  5235
  5185
  5145
  4905
  5120
  5245
  5225
  5255
  5185
  5220
  5220
  4845
  5200
  5340
  5060
  5375
  4990
  5135
  5155
  5320
  5280
  5110
  5280
  5225
  5570
  5485
  5320
  4805
  5405
  5195
  5595
  5380
  5730
  5170
  5150
  5180
  4890
  5425
  5320
  5180
  4850
  5075
  5240
  5495
  5425
  5350
  4960
  5205
  5355
  5270
  5040
  4885
  5435
  5360
  5230
  5595
  4785
  5465
  5520
  5090
  5320
  5510
  5245
  5080
  5355
  5185
  5030
  5305
  5730
  5260
  5210
  5180
  5320
  5080
  4960
  5185
  4955
  5435
  5340
  5175
  4880
  5535
  5175
  5225
  5220
  5250
  5585
  4975
  4705
  5300
  5360
  4955
  5130
  5290
  5255
  4910
  5245
  5510
  5005
  5115
  5250
  5235
  5185
  5245
  5425
  5290
  5100
  5150
  5750
  4865
  5305
  5270
  5285
  5275
  4955
  5240
  5235
  5090
  5045
  5080
  5045
  5145
  5225
  5550
  5000
  5065
  5620
  5365
  5205
  4795
  5110
  5660
  5385
  5085
  5155
  5005
  5735
  5380
  5185
  5080
  5275
  4950
  4880
  5465
  5125
  4900
  5230
  5665
  5365
  4820
  5135
  5200
  5395
  4975
  5250
  5110
  5225
  5215
  4950
  5265
  4900
  5245
  5350
  5645
  4895
  5125
  5180
  5695
  4895
  5205
  5230
  5125
  5035
  5375
  5420
  5130
  5240
  5350
  5250
  5365
  5150
  5630
  5065
  5010
  4830
  5420
  5405
  5300
  5205
  5120
  5100
  5210
  4975
  5400
  5195
  4740
  5175
  5310
  5235
  5330
  4830
  4995
  5095
  5525
  5085
  5035
  5635
  5315
  5130
  5115
  4785
  4945
  5405
  5290
  5090
  5180
  5400
  5290
  5110
  5170
  4930
  5220
  5250
  5195
  5460
  5665
  5280
  5370
  5710
  5000
  5115
  5355
  5275
  5320
  5290
  5035
  5065
  5445
  5235
  5175
  5595
  4965
  5115
  5290
  5025
  5215
  5205
  5500
  5220
  5265
  5175
  5305
  5320
  5000
  5150
  5450
  5300
  4795
  5065
  5275
  5105
  5205
  5410
  5365
  4645
  5340
  5290
  5185
  5730
  4845
  5410
  5265
  4970
  5360
  5315
  5560
  4835
  5140
  4915
  4740
  5570
  5175
  5020
  5275
  5605
  5035
  4915
  5355
  5465
  5415
  5070
  5175
  5115
  5260
  5095
  5430
  5250
  5515
  5150
  5095
  5270
  5220
  5170
  5070
  5165
  5255
  5190
  5380
  5280
  5180
  5400
  5165
  5180
  5120
  5170
  5500
  4885
  5160
  5335
  5105
  5000
  4940
  5130
  5285
  5300
  5470
  5205
  5360
  5375
  5035
  5310
  5010
  5180
  4895
  5055
  5535
  5015
  5095
  5165
  5355
  5505
  5160
  5090
  5055
  5625
  5300
  5065
  5090
  5490
  5245
  5145
  5145
  5300
  5140
  5165
  5420
  5140
  5000
  5065
  5200
  5540
  4970
  5150
  5175
  5125
  4960
  5675
  5250
  4820
  5280
  5435
  5410
  5275
  5130
  5410
  5110
  5315
  5190
  5350
  5660
  4890
  5455
  5745
  4865
  4990
  5230
  5430
  5120
  5220
  5050
  5075
  5035
  5180
  5630
  5020
  5265
  5225
  4985
  5355
  5480
  5155
  4615
  5355
  5505
  5170
  5275
  5245
  5485
  4950
  5550
  4635
  5310
  4980
  5670
  4745
  5110
  5460
  5045
  4830
  5185
  5710
  4970
  4950
  5330
  5370
  5125
  4760
  5155
  5500
  5225
  5590
  5055
  4950
  5190
  4930
  5335
  5485
  5040
  5125
  5370
  5275
  5105
  5185
  5030
  5620
  5260
  5030
  4900
  5660
  5360
  5060
  4775
  5360
  5185
  5250
  5720
  4930
  5015
  5050
  5255
  5400
  5205
  4860
  5495
  5210
  5410
  5010
  4920
  4950
  5360
  5405
  5070
  4985
  4950
  5465
  5040
  5000
  5020
  5470
  5055
  5440
  5165
  5010
  5120
  5185
  5485
  5265
  5225
  5230
  5620
  5565
  5420
  5350
  5150
  5270
  5400
  4840
  5325
  5220
  5135
  5385
  5425
  5330
  5105
  4930
  5505
  5035
  4935
  5355
  5215
  5410
  5420
  5160
  5140
  5125
  5400
  5475
  5120
  5200
  5085
  4930
  5220
  5160
  5445
  5020
  5115
  5650
  5215
  5020
  4990
  5830
  5240
  4970
  4795
  5430
  5335
  5105
  5255
  4990
  4970
  5000
  5370
  5340
  5095
  5170
  5175
  5135
  5415
  5235
  4885
  5095
  5690
  5215
  5225
  5360
  5430
  5245
  4905
  5160
  4995
  5210
  5125
  5520
  5075
  5355
  5130
  5055
  4850
  5480
  5285
  4855
  5430
  5410
  5080
  5270
  5155
  5120
  5160
  5620
  5130
  5290
  5165
  5135
  5065
  5240
  5260
  5245
  5015
  5385
  5305
  5295
  5370
  5305
  5135
  4990
  5390
  5525
  5295
  5285
  4850
  5105
  5170
  5450
  5080
  5395
  5250
  5330
  5295
  5420
  5320
  5195
  5080
  5255
  5040
  5315
  5060
  5340
  5525
  5180
  5035
  5060
  4930
  5405
  5095
  5120
  5185
  5400
  5445
  5290
  5560
  5225
  5310
  5520
  5255
  5595
  5215
  5090
  5420
  5475
  5325
  4970
  5070
  5270
  5520
  5005
  5185
  5175
  5260
  5340
  4935
  5265
  5425
  5255
  4985
  5345
  5110
  5585
  5190
  5120
  5285
  5125
  5365
  5370
  5090
  5330
  5695
  5110
  5365
  5115
  5085
  5025
  5540
  5285
  5090
  5215
  5390
  5210
  5415
  5120
  5260
  5395
  5235
  5160
  5130
  5110
  5325
  5015
  5045
  5240
  5465
  5080
  5240
  5585
  5145
  4935
  5115
  5530
  5405
  5080
  5455
  5215
  5260
  4900
  5305
  5585
  5520
  5125
  5295
  5320
  4785
  5005
  5480
  5255
  5285
  5135
  5395
  5310
  5405
  5410
  5160
  5170
  5060
  5295
  5470
  5510
  5215
  4965
  5375
  5255
  5085
  4850
  5305
  5305
  4955
  5110
  5420
  5325
  5025
  5095
  5405
  5215
  5090
  5235
  5235
  5275
  5505
  4925
  5150
  5560
  5180
  5490
  5300
  5275
  5225
  5650
  5110
  5125
  5525
  5535
  5305
  5290
  5420
  5270
  5250
  5630
  5220
  5145
  5520
  5430
  5010
  5465
  5690
  5100
  5445
  5765
  5005
  5210
  5205
  5055
  5745
  5670
  4995
  4990
  5305
  5595
  5115
  5180
  5695
  4775
  5515
  5445
  4780
  5605
  5210
  5155
  5185
  5460
  5060
  5745
  4785
  5875
  4850
  5840
  5185
  5050
  5375
  5470
  5390
  5490
  5375
  5175
  5030
  5200
  5440
  4900
  5200
  5410
  5480
  5020
  5710
  5070
  4890
  4940
  5350
  5090
  4975
  5405
  5610
  5215
  5205
  5335
  5330
  5360
  4885
  5310
  4960
  5245
  5390
  5100
  5155
  5395
  5115
  5210
  5445
  5320
  5485
  4920
  5320
  5420
  5495
  5055
  5035
  5070
  4930
  5380
  5100
  5135
  4875
  5435
  5470
  5490
  5325
  5500
  5285
  5165
  5295
  5380
  5280
  5075
  5160
  5265
  5160
  5035
  5510
  5445
  5525
  5150
  5115
  5025
  5495
  5485
  5020
  5320
  5075
  4915
  5755
  5110
  5720
  4810
  5570
  4840
  5465
  5525
  5270
  5135
  5275
  4945
  5330
  5520
  5045
  5165
  5290
  5260
  5295
  5115
  5570
  5115
  4915
  5185
  5755
  5135
  5125
  5290
  5520
  5025
  4995
  5655
  5335
  5170
  5360
  5445
  5420
  5240
  4950
  5500
  5370
  5030
  4630
  5320
  5215
  5155
  5375
  5350
  5650
  5400
  5310
  4955
  4955
  5455
  5430
  5075
  4805
  4975
  5430
  5145
  5025
  5115
  5155
  5260
  5300
  5470
  5260
  4865
  5270
  5305
  5335
  5575
  5220
  5050
  5225
  5115
  5295
  5340
  4930
  5245
  5340
  5390
  5240
  5400
  5100
  5055
  5405
  5310
  5455
  5470
  5130
  5060
  4915
  5560
  5335
  5010
  5390
  5235
  5080
  5335
  4855
  5255
  5560
  4980
  5485
  5425
  5270
  5570
  5650
  4905
  5410
  4860
  5335
  5305
  5215
  5645
  5260
  5135
  5355
  4575
  5070
  5765
  5720
  4710
  5610
  5355
  5150
  5665
  5255
  5345
  5335
  5155
  4945
  5485
  4910
  4990
  5325
  5305
  5310
  5245
  5415
  5315
  5450
  5045
  5305
  5625
  5120
  5345
  5390
  5495
  5415
  4940
  4965
  5450
  4955
  5305
  5130
  5000
  5825
  4960
  5110
  5465
  5560
  4700
  5195
  5275
  4900
  5445
  5040
  5215
  5265
  4890
  5415
  5020
  5380
  4965
  5205
  5235
  5365
  4880
  5285
  5195
  5650
  5425
  5360
  5430
  5750
  4735
  5695
  5220
  5915
  4675
  5650
  4860
  5570
  4585
  5600
  5475
  4945
  5220
  5510
  5035
  5290
  5430
  5345
  5445
  5365
  5370
  5465
  4895
  5565
  5410
  5205
  4920
  5780
  5355
  4875
  5755
  4965
  5210
  5590
  5080
  5305
  5190
  4970
  5050
  5410
  4935
  5475
  4935
  5455
  5665
  4590
  5890
  5140
  5510
  5245
  4885
  5075
  5250
  5495
  5110
  5670
  5005
  5575
  5145
  5665
  5020
  5590
  4965
  5530
  5370
  5325
  5295
  5575
  4960
  5610
  5375
  5025
  5345
  5130
  5540
  5395
  5030
  5690
  5000
  5165
  5490
  5325
  5500
  4860
  5110
  5215
  5625
  4935
  5005
  5195
  5405
  4910
  4995
  5390
  5380
  5495
  5205
  5865
  5295
  5485
  5185
  5475
  5025
  5150
  5375
  4940
  5435
  5200
  5045
  5520
  5455
  4750
  5745
  5045
  5215
  5590
  5135
  5410
  4985
  5585
  4945
  5255
  5070
  5445
  5075
  5260
  5785
  5230
  5140
  5370
  5115
  5070
  5235
  5475
  4835
  5680
  5235
  5335
  5515
  5015
  5540
  5590
  5360
  5130
  5810
  4850
  5675
  4965
  5285
  5185
  5330
  5325
  5335
  4710
  5560
  5070
  5735
  5310
  5635
  5065
  5550
  4975
  5820
  4975
  5255
  5395
  5625
  4910
  5470
  5065
  5590
  4685
  5905
  4820
  5610
  5050
  5755
  4740
  5545
  5245
  5255
  5530
  5445
  5310
  5705
  4990
  5250
  5695
  4930
  5705
  4865
  5510
  4845
  5135
  5360
  5135
  5765
  5090
  5610
  5390
  5210
  5495
  5500
  5160
  4950
  5595
  5385
  5530
  5045
  5150
  5495
  4975
  5655
  5745
  5135
  5365
  5185
  5150
  5510
  5100
  5280
  5035
  5680
  5140
  5280
  5455
  4780
  5500
  5020
  5275
  5325
  5115
  5630
  5395
  4670
  5575
  5100
  5585
  5175
  5250
  5180
  5225
  5670
  5200
  5725
  4910
  5295
  5240
  5100
  5560
  5180
  5565
  5195
  5555
  4945
  5695
  5050
  5115
  5660
  5215
  5160
  5945
  5255
  5380
  5255
  4925
  5180
  5695
  5070
  5295
  5560
  5085
  5570
  4715
  5605
  4900
  5630
  5175
  5790
  5150
  5125
  5585
  5470
  4890
  5470
  5245
  5145
  5660
  5430
  4940
  5205
  5430
  4875
  5325
  5780
  5270
  4775
  5620
  5405
  5400
  5000
  5270
  5680
  5070
  4895
  5255
  5845
  5240
  5245
  5450
  5315
  5790
  5040
  5155
  5390
  5250
  4910
  5790
  5075
  5140
  5915
  5175
  5030
  5595
  5140
  5640
  5605
  5045
  5290
  5210
  5575
  5055
  5160
  5610
  5315
  5175
  5230
  5805
  5080
  4785
  5555
  5210
  5310
  5840
  5305
  5155
  5745
  5110
  5150
  5485
  5545
  5040
  5590
  4795
  5450
  5275
  5045
  4990
  5770
  4870
  5395
  5450
  5240
  5735
  5105
  5225
  5220
  5450
  5300
  5640
  5370
  5285
  5285
  5640
  5120
  5610
  5350
  5375
  5205
  5430
  5335
  5050
  5145
  5485
  5185
  5405
  5085
  5535
  4775
  5660
  4950
  5450
  4990
  5575
  5690
  5345
  5240
  5045
  4975
  5435
  5440
  5500
  5550
  5140
  5405
  5845
  4890
  5075
  5540
  5060
  5020
  5405
  5525
  5000
  5280
  5525
  5265
  5325
  5175
  5190
  5555
  5275
  4945
  5390
  5660
  4885
  5480
  4995
  5515
  5200
  5515
  5595
  5275
  4975
  5195
  5255
  4955
  5505
  5550
  5190
  5450
  5065
  5285
  5160
  5200
  5490
  5310
  5250
  5160
  5585
  4870
  5250
  5375
  5740
  5460
  5130
  4855
  5420
  4975
  5280
  5450
  5475
  5285
  5090
  5310
  4995
  5275
  5405
  5745
  5160
  5020
  5590
  5990
  5400
  5040
  5165
  5565
  5395
  5205
  5305
  5320
  4895
  5405
  5250
  5350
  5795
  5065
  5000
  5200
  5725
  5640
  4765
  5150
  5815
  5160
  5405
  5375
  5225
  5675
  5280
  4940
  5400
  4980
  5175
  5120
  5595
  5110
  5055
  5195
  5440
  5095
  5450
  5375
  5255
  5445
  5485
  5150
  4795
  5550
  5145
  5150
  5135
  5230
  5690
  5165
  5585
  5155
  5430
  5490
  5370
  5445
  5470
  5460
  5000
  5235
  5655
  4965
  5550
  4905
  4940
  5085
  5425
  5770
  4795
  5895
  5260
  5175
  5300
  5155
  5320
  5090
  5625
  5510
  5060
  4970
  5795
  5310
  5160
  5265
  5820
  5395
  4920
  5235
  5015
  5175
  4815
  5175
  5365
  5510
  5535
  5235
  5110
  5455
  5065
  5665
  5485
  5280
  5150
  5960
  5425
  4655
  5935
  5330
  5505
  4900
  5865
  5040
  5640
  4745
  5335
  5230
  4980
  5565
  5120
  5305
  5435
  5305
  5165
  4635
  5295
  5730
  5060
  5485
  5165
  5100
  4905
  5230
  5800
  5290
  5630
  4860
  5760
  4855
  5445
  4740
  5115
  5440
  4910
  5355
  5395
  5200
  5180
  5190
  5575
  5330
  5340
  4990
  5105
  5180
  5475
  5080
  5280
  5800
  5385
  5030
  5140
  5470
  5595
  4935
  5375
  5220
  5305
  5340
  5300
  5185
  5140
  5320
  5290
  5425
  5195
  5320
  5510
  5310
  5305
  5190
  5205
  4890
  5455
  5215
  4955
  5390
  5590
  5305
  5385
  5155
  5355
  5055
  5370
  5515
  4460
  5460
  5245
  5310
  5330
  5660
  5260
  5625
  5195
  5555
  5200
  5190
  5525
  5340
  5130
  5260
  5290
  5300
  5365
  5385
  5330
  5710
  5360
  5150
  5080
  5695
  5120
  5360
  5175
  5310
  5175
  5630
  5035
  5520
  5135
  5210
  5595
  5515
  5475
  5670
  5100
  5195
  5460
  5000
  5645
  5675
  5270
  5050
  5390
  5175
  5370
  5100
  4795
  5260
  5385
  4920
  5560
  4985
  5580
  4975
  5705
  5460
  5585
  5125
  5180
  5450
  4945
  5060
  5305
  4910
  4905
  5295
  5930
  5225
  5510
  5015
  5590
  4915
  5455
  5380
  5110
  4810
  5560
  5215
  4925
  5545
  4955
  5670
  4610
  5620
  5255
  4975
  5700
  5290
  5165
  5535
  5140
  5440
  5185
  5225
  4935
  5695
  5155
  5495
  5175
  5445
  4870
  5800
  5145
  5425
  5260
  5130
  4765
  5750
  5200
  5300
  5365
  5200
  5480
  5425
  5415
  5435
  5160
  5000
  5285
  5665
  4960
  5625
  5440
  5385
  4775
  5800
  5035
  5200
  5455
  4995
  4880
  5320
  5045
  5575
  4920
  5220
  5410
  5140
  5460
  5350
  4975
  5080
  4940
  5260
  5250
  5300
  5355
  4920
  5325
  5245
  5730
  5470
  5165
  4550
  5480
  5085
  5395
  5305
  5400
  5340
  5355
  5240
  5620
  5550
  5480
  5055
  5050
  5685
  5385
  5400
  4990
  5070
  4950
  5430
  5605
  5020
  5205
  5265
  5630
  5085
  5100
  4890
  5025
  5530
  5590
  5295
  5155
  5230
  5435
  5205
  5390
  5325
  5825
  5170
  4805
  5020
  5340
  5540
  4345
  5575
  5570
  4730
  5560
  5120
  4935
  5190
  5400
  5135
  5855
  4955
  5365
  5400
  5670
  5040
  5135
  5795
  4275
  5865
  5240
  5220
  5330
  5800
  4915
  5760
  5570
  5590
  5225
  5080
  5245
  5460
  5630
  4580
  5585
  5320
  5645
  4860
  5075
  5250
  5605
  5190
  5360
  4745
  4925
  5475
  5620
  5595
  4750
  5885
  5535
  4330
  5775
  5530
  5205
  4950
  5530
  5660
  5030
  5440
  5840
  5025
  4980
  5580
  5285
  4760
  5465
  5205
  5275
  5635
  5295
  5145
  5270
  5275
  5205
  5875
  4720
  5290
  5760
  5495
  4635
  5475
  5605
  5770
  5170
  5105
  5695
  5385
  5875
  5485
  4425
  5585
  5465
  4600
  5160
  5790
  5725
  4875
  5455
  5125
  5850
  5250
  4985
  5645
  5675
  5020
  5040
  5575
  5095
  5440
  5830
  5315
  4955
  5265
  5815
  4675
  5400
  5140
  5625
  4410
  5505
  5930
  4575
  5545
  6065
  4410
  6070
  5305
  4750
  5995
  5370
  5365
  5320
  4890
  5375
  5760
  5645
  4380
  6110
  4515
  5580
  5565
  4360
  6375
  4435
  5505
  5730
  4675
  5475
  5595
  4945
  5350
  5115
  5400
  5980
  5255
  4645
  5425
  5580
  4715
  5625
  5635
  4515
  5710
  5410
  5155
  5100
  5600
  4550
  5310
  5575
  5480
  4850
  5685
  5555
  5620
  5365
  5560
  5100
  5750
  5175
  5175
  5305
  5550
  4565
  5795
  5240
  4985
  6025
  4545
  5635
  5785
  5070
  5205
  5560
  5640
  4560
  5240
  5160
  4925
  5350
  5270
  5840
  4845
  5040
  5150
  5540
  5065
  5675
  5445
  5355
  4655
  5435
  5425
  4710
  5440
  5460
  5170
  5465
  5630
  4915
  5270
  5700
  4940
  5025
  4890
  5065
  5590
  5415
  5195
  4915
  4975
  5595
  5860
  4230
  5975
  5615
  4625
  5125
  6200
  5120
  5300
  5025
  5300
  5345
  5000
  5000
  5615
  5055
  5825
  4670
  6010
  4175
  5965
  5105
  4840
  5565
  5880
  4610
  5600
  5045
  6120
  4090
  5635
  5500
  4980
  5675
  4480
  6470
  4555
  5905
  4980
  5520
  4865
  4905
  6025
  5105
  5160
  5990
  4560
  5625
  5620
  5190
  5375
  4825
  5670
  6175
  4610
  5955
  5425
  5200
  4925
  5600
  5630
  4905
  5590
  5480
  4970
  6505
  4755
  5270
  5660
  5395
  5045
  5505
  5795
  4980
  5055
  5845
  5005
  5030
  5535
  5675
  5540
  4940
  5060
  5265
  5935
  5050
  5320
  5210
  5170
  5295
  5770
  5085
  5710
  5200
  5090
  5080
  5375
  5345
  5465
  4865
  5145
  5550
  5015
  5140
  4905
  5755
  4960
  5345
  5600
  5405
  5390
  5670
  5050
  5185
  5795
  5125
  5145
  5105
  5140
  5450
  4535
  5405
  4315
  6405
  4685
  5250
  5735
  5305
  4910
  5435
  5225
  5055
  5410
  4430
  6050
  4815
  5980
  5285
  5440
  5865
  5365
  5010
  5395
  5830
  4905
  5835
  5660
  5355
  4630
  6095
  5155
  4915
  5430
  5215
  4710
  5545
  5400
  4780
  6085
  5140
  5570
  5165
  4580
  5770
  5515
  4630
  5500
  5175
  5685
  5730
  4760
  5625
  5770
  4960
  4760
  5940
  4650
  5695
  5205
  5745
  4730
  5665
  5825
  5365
  5610
  5525
  5730
  5070
  4980
  5505
  5240
  5475
  5030
  6450
  4835
  5350
  5255
  5635
  4500
  5025
  6190
  5400
  4745
  5120
  5110
  5195
  5975
  4300
  5980
  5015
  5465
  5660
  4860
  5760
  4935
  5185
  5260
  6160
  5240
  5330
  5715
  5100
  5520
  4935
  5125
  5770
  4850
  5465
  5665
  4830
  5730
  4330
  5640
  5160
  5460
  5275
  4625
  5910
  5615
  4900
  5175
  5885
  4700
  5135
  4515
  5865
  4960
  5480
  5060
  5615
  5305
  5195
  5360
  4835
  5350
  5110
  4770
  6580
  4995
  6060
  4485
  5440
  6190
  4775
  5420
  5145
  5435
  4805
  5030
  5280
  4885
  6575
  4670
  6135
  4915
  4570
  6465
  4295
  6285
  4935
  6105
  4340
  6095
  4220
  6395
  4475
  4990
  5735
  5525
  4915
  5795
  5785
  4565
  6595
  5060
  4460
  5405
  6050
  4360
  4975
  7045
  6655
  4695
  4210
  4485
  5460
  7165
  6215
  4310
  6005
  4555
  5620
  4425
  6255
  4805
  5290
  5185
  5510
  5590
  5140
  5765
  5330
  4465
  6370
  4365
  6295
  4515
  5840
  5380
  5365
  5020
  5860
  5755
  5110
  5220
  4900
  5450
  5540
  4625
  5590
  4975
  5385
  5235
  5550
  4305
  6370
  5255
  4905
  5915
  5295
  6195
  4395
  5305
  5505
  5290
  4385
  6415
  4585
  4955
  5585
  4160
  6165
  4670
  4925
  5920
  4915
  6370
  5145
  4200
  4385
  5675
  4735
  5295
  4865
  5980
  4550
  6145
  4490
  5895
  4460
  6410
  4810
  5705
  5065
  4785
  6155
  4395
  5895
  5350
  5015
  5330
  4920
  5470
  5570
  5500
  4905
  5780
  5275
  5775
  5260
  4725
  6050
  4405
  5705
  5160
  5665
  5110
  5505
  4700
  6830
  4575
  4205
  6395
  4155
  5855
  5410
  4325
  5930
  4565
  6815
  5265
  4475
  5935
  4290
  5050
  6720
  4500
  4555
  6395
  5555
  5080
  4995
  6125
  4755
  4905
  5840
  4390
  6155
  4850
  5500
  5315
  5440
  5660
  4410
  6455
  4260
  5630
  4915
  4630
  6820
  4895
  6145
  4525
  5100
  4785
  5810
  4370
  6065
  4875
  5815
  4695
  5195
  5770
  4925
  5625
  5350
  5880
  4505
  6610
  4665
  4980
  6235
  4450
  6205
  5610
  5020
  6605
  4670
  5930
  4715
  6095
  4535
  6050
  4590
  4840
  6400
  4490
  5935
  4695
  4240
  5240
  6910
  5350
  4570
  4740
  6500
  5175
  4505
  5655
  6160
  4930
  4950
  4670
  6105
  4435
  6500
  4270
  5925
  5070
  5570
  5070
  5035
  6175
  4525
  5345
  5290
  5670
  5700
  5770
  4550
  4400
  5275
  5490
  5445
  5575
  4515
  6225
  4530
  6190
  4555
  6495
  4510
  5780
  4920
  5545
  4990
  5350
  7050
  6575
  5940
  4365
  4330
  4790
  6730
  4580
  4765
  6095
  4445
  5280
  6920
  4375
  6460
  5710
  4570
  5685
  5995
  5285
  4945
  6470
  5040
  5975
  5495
  4355
  6310
  4785
  4615
  6720
  5240
  4845
  6725
  5265
  6745
  4350
  4975
  6325
  4925
  5025
  5710
  5715
  4385
  6525
  5450
  4475
  5940
  4470
  5580
  5410
  6060
  4390
  4975
  6515
  5785
  4325
  5830
  5210
  4165
  4760
  4560
  4475
  5760
  6985
  6020
  5040
  6450
  4610
  5140
  4840
  4755
  5555
  6020
  4795
  5550
  4260
  6150
  5120
  5040
  6430
  4460
  4345
  5210
  5950
  4315
  4685
  6930
  5660
  4405
  6015
  5540
  4405
  6400
  5120
  5220
  5520
  4660
  6590
  4530
  6475
  4620
  4340
  5065
  6090
  6390
  6650
  5000
  5300
  5095
  5110
  4765
  5480
  5690
  4355
  6040
  5520
  4095
  5095
  4730
  5640
  4505
  5740
  5925
  4325
  5755
  5355
  5390
  5555
  5800
  4395
  5370
  4890
  4580
  5640
  6235
  6095
  4915
  4160
  4130
  4310
  4300
  6135
  5930
  4240
  4750
  7095
  6900
  5005
  6305
  5305
  5360
  5150
  4940
  5135
  5260
  5405
  4610
  5150
  6250
  4405
  5940
  4570
  4500
  6400
  5735
  4425
  5825
  5515
  4185
  5755
  4755
  5145
  5075
  5555
  5310
  5300
  4945
  5345
  5060
  5010
  5365
  5355
  5310
  5150
  5490
  5215
  4460
  6295
  4545
  4505
  6500
  5095
  4835
  5170
  5350
  4750
  6725
  5370
  4240
  5140
  5620
  5525
  7030
  5340
  4250
  5515
  4680
  4255
  5620
  6685
  5085
  4365
  5700
  6330
  4425
  4960
  6820
  5720
  4410
  5400
  5190
  5230
  5420
  5850
  4300
  5560
  5275
  4835
  5995
  4515
  5730
  5550
  5745
  4530
  4310
  6530
  5480
  4755
  5380
  5400
  4265
  6500
  6545
  5050
  4430
  5905
  4475
  5670
  5535
  4860
  5480
  5350
  5135
  5150
  5300
  5335
  5555
  5020
  5005
  5005
  5100
  5230
  5905
  5270
  5380
  5105
  5370
  5405
  4635
  5695
  6460
  4950
  6665
  4775
  5075
  5315
  5295
  5270
  5280
  5360
  5150
  5280
  4460
  6105
  4575
  5620
  4350
  4685
  4715
  5665
  5835
  4410
  4115
  4480
  5010
  6585
  4320
  5445
  4755
  5195
  5195
  5070
  5145
  5380
  5250
  4950
  5380
  4340
  5620
  6470
  5675
  4520
  5545
  5600
  5135
  4605
  5530
  5695
  5300
  5200
  5250
  5240
  4930
  5715
  6550
  5025
  4930
  6105
  5560
  4595
  5240
  5440
  4645
  5410
  6015
  6515
  5180
  5700
  4440
  5880
  5125
  5160
  6070
  4430
  4960
  7010
  5680
  4550
  5875
  6725
  5200
  5530
  5465
  5215
  5220
  4660
  6735
  4590
  6025
  5820
  7275
  5490
  5565
  4375
  4425
  5335
  5990
  5235
  5315
  5420
  5180
  5065
  5170
  5175
  5430
  4985
  6850
  5615
  4370
  6270
  5815
  5970
  5350
  5395
  5430
  5365
  5720
  5730
  4445
  4400
  5270
  5195
  4430
  5530
  5900
  6155
  4450
  5625
  5370
  5380
  5175
  4965
  5595
  5025
  4850
  5525
  5345
  5240
  5320
  5410
  5370
  5350
  6095
  5100
  5160
  6165
  5450
  5225
  7095
  6885
  5900
  4855
  5225
  5140
  5340
  5280
  5305
  5870
  4300
  5145
  5420
  5225
  5480
  5315
  5385
  4865
  4790
  5595
  5425
  5315
  4595
  4520
  4365
  4775
  4765
  5095
  4985
  4475
  5980
  6805
  6865
  5310
  4625
  4250
  4410
  4380
  5425
  5570
  5260
  4925
  4900
  5755
  5530
  5235
  5260
  5145
  5260
  5400
  4230
  4420
  5125
  6770
  4785
  4400
  5620
  5435
  4385
  4700
  6070
  5285
  4895
  5250
  5255
  5465
  5075
  5585
  4850
  5445
  5235
  5255
  4925
  5545
  5560
  5435
  4655
  5360
  5320
  5380
  4425
  4970
  5860
  7040
  4800
  6675
  5240
  5055
  5610
  5245
  5235
  7375
  6695
  5005
  4920
  5060
  5510
  4480
  6280
  4395
  4970
  6450
  4385
  5575
  7385
  6255
  4720
  4245
  5060
  6455
  4330
  6650
  4920
  4460
  4490
  5590
  6700
  5105
  4455
  6045
  4280
  4840
  6455
  4785
  4620
  5875
  5450
  4930
  6590
  4955
  4215
  5550
  4660
  6065
  7035
  5555
  5085
  4865
  4700
  4290
  5610
  7125
  6565
  6550
  5120
  4350
  4445
  4275
  4475
  5870
  6890
  6500
  5390
  4055
  4700
  6495
  6230
  4990
  4360
  5580
  6780
  5135
  4520
  4785
  4105
  4525
  6625
  4830
  4120
  5700
  6755
  5980
  5420
  4610
  4945
  6400
  6930
  5340
  4210
  4380
  4465
  4520
  4380
  6720
  5350
  5055
  4350
  5805
  4295
  6310
  4455
  4350
  3990
  4560
  4160
  5120
  5220
  4160
  6040
  6965
  5560
  4385
  4580
  6185
  4615
  6655
  6460
  4630
  6090
  5880
  4575
  4610
  6605
  7170
  5915
  4745
  5630
  5340
  6010
  5490
  5505
  5500
  4355
  5110
  5675
  4905
  5505
  5460
  4425
  5475
  4895
  4150
  6515
  6295
  4610
  4635
  6505
  4500
  4435
  4530
  4355
  4365
  4210
  4250
  4515
  4845
  5045
  6295
  6915
  6915
  6125
  5845
  6390
  4735
  4390
  5775
  6720
  7200
  6565
  5160
  4950
  4955
  5565
  5405
  6940
  7095
  7015
  6605
  6025
  6160
  6300
  7025
  6985
  7150
  5265
  5835
  4525
  4335
  5995
  5035
  4400
  4350
  5915
  4565
  4395
  4520
  4330
  4710
  6750
  7265
  7065
  5565
  4270
  4330
  4405
  6060
  7160
  5820
  5240
  4330
  4230
  4400
  5685
  7025
  7125
  6855
  5060
  4615
  6690
  5575
  5320
  5280
  4850
  5400
  5415
  5220
  5620
  4420
  6135
  4605
  6335
  5100
  5720
  5760
  4840
  6715
  5115
  4535
  5260
  4315
  4365
  4100
  4280
  4405
  6155
  6220
  6605
  6310
  6015
  4755
  6260
  4660
  4260
  4415
  4475
  4360
  4260
  4290
  4165
  4330
  4455
  4635
  5365
  4055
  4470
  6415
  4750
  5710
  4730
  6275
  4450
  4245
  6090
  5240
  4815
  5460
  5565
  5250
  4990
  4440
  5850
  5185
  4880
  5715
  5325
  5335
  5305
  5475
  5865
  5145
  4830
  5360
  5725
  5195
  4760
  5600
  5625
  6240
  4395
  5795
  5150
  4825
  5830
  4475
  5100
  5910
  6480
  7030
  7140
  7050
  6610
  6605
  6975
  6370
  6295
  6730
  6325
  4470
  4410
  4320
  4585
  5870
  6235
  4450
  5580
  4505
  5595
  6515
  4215
  5070
  5630
  5295
  5020
  5330
  4750
  4690
  5920
  4395
  4320
  4745
  6170
  6225
  5555
  4325
  4395
  5610
  5110
  5650
  4475
  7035
  7155
  4745
  4940
  5155
  6655
  6135
  4565
  4660
  5940
  4190
  5075
  7105
  5775
  4500
  4380
  5170
  5245
  5415
  4530
  5545
  5590
  4535
  5315
  5310
  4725
  6100
  4390
  5945
  4910
  6430
  6660
  5630
  4445
  4295
  4520
  4480
  4260
  5060
  6795
  4750
  5350
  5700
  5205
  4395
  5480
  4480
  5430
  5220
  5400
  4555
  4810
  6535
  6030
  5170
  6430
  6690
  5575
  5860
  6315
  4555
  5555
  4840
  6135
  5160
  5235
  5875
  4740
  5805
  5745
  6295
  6470
  4390
  5890
  4790
  5575
  5610
  5080
  5065
  5935
  5395
  4875
  5250
  5520
  5565
  5070
  7060
  6985
  6770
  6275
  6140
  6015
  5940
  7080
  6525
  6855
  6985
  6380
  5435
  5590
  4675
  4710
  6025
  4770
  7090
  7115
  6900
  7215
  7090
  7070
  5940
  6485
  4410
  5855
  4755
  5565
  5810
  5005
  4860
  5765
  4625
  6695
  5265
  5035
  5200
  5535
  4820
  6890
  6340
  4705
  5215
  5805
  4780
  5075
  5860
  6885
  6755
  6670
  5130
  4465
  4555
  4660
  4280
  5240
  5545
  5250
  5210
  6935
  6525
  6650
  7155
  6570
  4985
  4455
  4360
  4295
  5080
  6210
  4220
  5895
  7040
  7030
  7085
  4760
  4280
  4275
  4315
  4525
  5835
  7015
  6380
  5875
  5025
  4420
  5780
  4685
  5760
  5585
  5165
  5215
  5905
  5520
  4710
  5390
  6200
  4620
  5520
  4395
  5950
  4860
  5440
  5490
  4725
  4785
  5840
  4490
  6475
  4195
  5695
  6500
  4420
  5915
  4825
  5815
  4675
  6430
  4265
  4305
  4495
  4990
  5660
  4225
  6270
  6600
  4640
  4405
  4260
  5530
  5385
  4655
  5670
  5215
  4575
  4320
  4480
  4275
  5245
  4935
  4465
  4920
  4390
  4460
  5785
  6105
  4860
  5180
  4310
  4305
  6330
  6615
  5060
  4710
  5840
  5765
  4610
  5470
  4510
  5415
  5775
  4360
  5585
  5110
  5155
  5625
  5240
  5105
  5365
  4360
  4225
  5750
  6970
  6975
  6800
  6990
  5480
  4525
  4970
  5250
  6020
  4450
  5975
  4575
  6255
  5520
  4900
  6010
  6880
  5490
  4800
  5765
  5070
  6285
  5800
  4360
  5670
  5340
  5925
  4820
  4350
  4325
  5890
  4760
  6130
  4710
  5620
  4415
  5980
  7080
  7115
  5865
  4450
  6175
  4730
  5305
  6260
  4490
  5540
  5770
  5315
  5500
  5825
  4300
  6105
  6415
  4475
  5300
  5000
  5370
  5385
  5510
  4265
  5750
  4585
  5420
  5270
  5625
  4300
  4570
  4205
  4845
  5215
  5465
  4325
  4355
  5185
  6655
  4940
  4595
  6055
  5855
  6920
  6100
  4310
  4260
  5030
  6865
  7110
  5625
  5085
  5370
  5535
  4770
  6605
  4675
  7055
  6695
  5825
  4660
  5785
  5240
  4595
  5995
  4375
  5610
  4280
  5665
  5555
  6565
  6480
  5210
  4110
  4690
  6995
  7010
  5505
  4420
  6215
  6635
  6900
  6605
  6340
  5210
  4260
  4255
  4435
  4235
  4545
  5070
  5590
  5740
  4685
  6375
  6710
  4880
  4485
  5415
  4245
  4235
  4640
  7315
  4240
  5355
  4840
  4535
  4395
  4025
  5240
  6205
  4330
  4300
  5755
  5205
  5780
  4845
  5380
  6500
  4335
  4470
  4270
  4455
  5420
  6555
  7180
  6945
  6790
  5850
  4740
  5015
  7195
  6545
  6965
  6315
  5730
  4600
  4525
  5020
  4180
  4655
  4700
  4455
  4315
  6000
  7160
  7225
  6455
  6575
  7025
  6920
  6330
  6350
  4495
  4240
  4435
  4285
  5945
  6830
  6395
  4745
  4140
  4250
  4365
  4270
  4400
  4200
  4385
  4425
  4400
  4830
  4420
  4460
  4355
  5640
  5140
  6785
  5150
  4520
  6660
  4490
  5315
  5530
  6385
  6415
  5280
  4560
  4525
  4265
  4285
  4350
  4505
  4385
  4325
  5545
  5450
  5730
  6125
  5685
  6625
  7335
  5475
  4060
  4295
  4230
  4200
  4460
  4355
  4295
  4190
  4280
  5260
  4550
  4790
  5260
  6120
  4485
  4410
  4330
  4395
  4485
  4370
  5165
  7150
  6965
  6940
  5580
  4460
  5210
  5785
  5965
  4750
  4755
  6220
  6430
  5270
  5505
  4785
  5385
  6250
  6335
  5940
  4825
  4490
  4270
  5335
  6835
  7000
  6400
  5795
  5985
  5840
  4230
  4350
  4145
  4095
  4450
  4715
  6155
  4450
  4465
  6385
  5635
  4775
  6495
  4665
  4310
  4245
  6225
  4615
  4675
  4515
  5485
  6320
  6580
  4715
  6480
  5780
  6220
  6230
  4460
  4195
  4815
  6425
  6870
  7025
  7170
  7180
  6305
  4335
  4350
  4320
  4860
  6105
  6355
  6390
  6925
  7160
  6950
  6750
  7285
  5695
  5670
  6725
  4955
  5020
  6460
  6780
  5275
  4465
  4315
  4395
  4365
  4290
  4975
  6565
  6650
  6925
  6550
  6505
  6270
  6460
  5135
  5965
  6285
  7315
  4400
  4555
  4360
  4580
  6645
  6425
  6170
  7010
  6190
  4415
  4330
  4470
  4405
  6900
  4770
  4095
  6000
  6390
  5200
  4465
  4360
  5835
  6715
  5650
  6065
  4820
  4915
  6195
  6750
  6650
  5155
  4370
  4445
  4205
  4210
  4580
  4355
  5845
  5240
  5550
  5560
  4465
  5820
  5305
  5015
  5770
  5330
  4445
  4230
  5145
  6065
  4495
  4225
  6365
  4520
  5470
  5965
  5525
  6725
  6655
  5110
  4100
  4515
  4855
  5900
  6995
  5280
  4250
  5470
  6830
  6280
  4490
  4355
  4290
  5775
  4865
  4615
  6610
  6205
  6570
  4980
  3945
  4965
  6830
  6720
  6110
  5675
  4445
  4190
  4530
  4345
  5660
  5560
  5710
  7005
  7130
  6325
  5220
  4240
  5530
  4775
  6415
  4600
  4325
  5045
  6015
  4435
  4495
  4350
  4135
  4500
  5045
  6760
  5200
  4715
  4320
  4335
  4450
  5525
  6660
  6520
  4375
  4515
  4615
  5790
  7385
  6180
  4440
  4360
  4385
  5540
  6240
  4215
  4285
  5790
  5950
  4430
  4970
  4585
  4970
  4360
  4205
  6060
  6010
  5640
  4710
  5990
  5115
  4260
  4345
  4415
  6225
  4295
  5575
  4410
  4470
  4495
  4705
  5210
  4380
  4690
  6045
  4270
  4280
  5575
  6995
  4990
  4235
  4545
  5925
  5205
  6115
  6245
  6295
  7070
  5420
  6495
  4545
  5470
  5755
  4525
  4450
  4435
  4535
  4235
  4305
  4615
  4330
  5730
  6840
  6905
  6740
  6400
  6765
  5110
  4235
  4180
  4555
  4180
  4070
  4625
  4500
  4280
  4790
  6720
  6695
  4910
  4215
  4060
  4735
  7125
  5280
  4375
  6550
  4950
  4220
  6010
  5645
  4285
  5150
  6055
  4255
  6295
  4935
  5035
  5375
  4460
  5170
  5515
  6120
  6000
  4730
  6050
  5750
  4350
  4425
  5190
  6590
  6960
  7170
  4865
  5085
  6650
  6975
  6465
  6475
  6765
  6460
  4905
  5330
  7045
  4245
  4225
  4750
  6910
  5070
  4545
  6840
  6395
  4420
  6410
  4420
  5745
  4485
  5810
  4290
  4200
  6545
  6975
  5385
  4275
  4365
  4440
  5865
  6425
  6800
  5790
  4530
  5040
  6360
  5635
  5455
  4345
  4650
  6470
  4810
  4785
  6150
