     0
  5465
  5940
  5330
  5920
  5580
  5635
  5870
  5490
  5770
  5625
  5470
  5950
  5585
  5690
  5740
  6010
  5665
  5970
  5315
  5490
  5720
  5815
  5885
  5395
  6025
  5570
  5915
  5695
  5870
  5270
  5940
  5175
  5305
  5780
  5640
  5875
  5350
  5695
  5590
  5375
  5930
  5895
  5390
  5915
  5245
  6080
  5855
  5725
  5615
  5940
  5405
  5655
  5630
  5470
  6220
  6185
  5590
  5735
  5855
  5795
  5585
  5730
  5815
  5650
  5620
  5985
  5545
  5985
  5785
  5680
  5815
  5395
  5475
  5810
  5635
  5625
  5540
  5570
  5440
  5850
  5875
  6010
  5200
  6115
  5575
  5650
  5460
  5805
  5555
  6175
  5620
  5505
  5260
  5850
  5260
  5700
  5360
  5890
  5680
  6100
  5630
  5945
  5650
  5735
  5385
  5840
  5365
  5810
  5670
  5300
  6055
  5340
  6035
  5550
  6085
  5610
  5625
  5920
  5450
  6260
  5285
  6125
  5555
  5665
  5700
  6070
  5450
  5625
  5605
  5590
  5720
  5435
  5910
  5380
  5640
  5760
  5535
  5740
  5485
  5655
  5530
  5410
  5630
  5705
  5600
  5605
  5845
  5330
  5890
  5725
  5915
  5280
  5910
  6120
  5730
  5885
  6020
  5490
  5935
  5360
  5610
  5745
  5880
  5215
  5920
  5470
  5735
  5660
  5320
  5545
  5755
  5720
  5670
  5675
  5565
  5910
  5785
  5330
  6090
  6020
  5625
  5685
  5850
  5425
  5915
  5445
  5820
  5590
  5760
  5675
  6065
  5410
  5980
  5250
  6215
  5865
  5555
  6035
  5565
  6065
  5585
  5960
  5375
  6090
  5290
  6050
  5390
  5550
  5860
  5125
  6070
  5885
  5865
  5605
  5775
  5525
  5980
  6000
  5460
  5725
  5730
  5920
  5895
  5515
  6005
  5745
  5775
  5355
  6090
  5325
  5475
  5845
  5715
  5795
  5830
  5635
  5830
  5840
  5300
  5690
  5695
  6155
  5375
  5790
  5750
  5390
  5335
  6360
  5685
  5815
  6060
  5755
  5615
  6215
  5350
  5410
  5925
  5715
  5640
  5710
  5930
  6135
  5790
  5650
  5310
  5935
  6135
  5945
  5740
  6220
  5500
  5480
  6360
  5870
  5635
  5690
  5705
  5725
  5575
  5980
  5780
  5565
  5905
  5455
  5585
  5345
  6010
  5575
  5945
  5285
  5950
  5835
  5540
  5715
  5955
  5585
  5550
  5580
  5645
  5750
  5495
  5545
  5445
  5640
  5800
  5770
  5615
  5815
  5570
  5755
  5650
  5755
  5655
  5980
  5350
  5570
  5915
  5990
  5455
  5275
  5805
  5835
  5270
  5720
  5140
  5740
  5310
  5525
  5555
  5805
  5870
  5645
  5925
  5725
  5980
  5200
  6060
  5490
  5720
  5820
  5790
  5580
  5795
  5840
  5660
  5700
  5925
  5380
  6030
  5695
  5245
  5955
  5730
  6030
  5600
  5545
  6010
  5990
  5715
  6020
  6060
  5540
  5375
  5485
  5335
  5390
  5835
  5725
  5640
  6180
  5445
  5295
  5615
  5085
  5515
  5915
  5835
  5885
  5440
  5740
  5305
  5710
  6065
  5570
  5555
  5820
  5960
  5485
  5515
  5880
  5780
  5795
  5695
  5670
  5610
  5450
  5890
  5895
  5200
  6270
  5695
  5120
  5865
  5750
  5580
  5795
  5735
  5745
  5610
  5585
  5465
  5965
  5640
  6015
  5575
  5640
  5625
  5605
  5650
  5815
  5975
  5395
  5630
  5950
  5495
  5805
  5760
  5780
  5670
  5835
  5705
  5715
  5665
  5790
  5580
  5790
  5525
  5985
  5860
  5715
  5890
  5725
  5705
  5485
  6055
  5750
  5680
  5675
  5445
  5605
  5690
  5465
  5585
  5975
  5485
  5670
  5545
  5630
  5285
  5610
  5530
  5775
  5650
  5730
  5825
  5600
  5505
  5845
  5720
  5290
  5970
  6020
  5740
  5730
  5555
  5650
  5750
  5500
  6015
  5660
  5950
  5525
  5785
  5860
  5625
  5830
  5925
  5695
  5580
  5680
  5630
  5610
  5595
  5795
  5750
  5810
  5615
  5815
  5800
  5810
  5450
  5590
  5965
  5950
  5980
  5720
  5580
  6105
  5560
  5435
  5790
  5670
  5420
  5955
  5620
  5695
  5850
  5690
  5550
  5615
  5710
  5585
  5645
  5535
  6155
  5600
  5715
  5940
  5775
  5450
  5735
  5820
  5805
  5645
  6030
  5470
  5615
  5955
  5560
  5540
  5610
  5895
  5855
  5895
  5690
  5555
  5620
  5750
  5790
  5780
  5695
  5750
  5720
  5640
  5995
  5595
  5600
  5860
  5745
  5655
  5575
  5885
  5905
  5850
  5720
  5695
  5745
  5910
  5960
  5770
  6055
  6105
  5655
  5560
  5690
  5765
  5385
  5535
  5995
  6070
  6030
  5625
  5920
  5450
  5950
  5975
  5880
  5690
  5640
  6025
  5495
  5595
  5825
  5595
  5685
  5760
  5900
  5555
  5900
  5600
  5630
  5740
  5730
  5655
  5955
  5835
  5550
  5735
  5990
  5595
  5870
  5705
  5485
  5475
  5670
  5835
  5665
  5720
  5945
  5805
  5610
  6010
  5075
  5915
  5850
  5480
  5490
  5980
  5680
  5665
  5640
  5855
  5500
  5440
  5695
  5750
  5710
  5690
  6035
  5685
  5810
  5900
  5780
  5415
  5835
  5660
  5380
  5565
  5695
  5600
  5850
  5575
  5650
  5730
  5625
  5955
  5605
  5915
  5390
  5575
  6030
  5985
  5510
  5810
  5955
  5370
  5745
  5875
  5255
  5935
  5765
  5435
  5650
  5915
  5490
  5875
  6035
  5570
  5525
  5915
  5820
  5345
  6115
  5650
  5705
  5825
  5640
  5735
  5190
  5775
  6050
  5585
  5520
  5820
  6020
  5485
  5625
  5405
  5490
  5605
  6170
  5495
  5560
  5985
  5465
  5710
  5450
  5930
  5645
  6165
  5975
  5175
  5695
  5520
  5645
  5600
  5900
  5480
  5740
  5610
  5630
  5625
  5610
  5975
  5490
  5655
  5685
  5295
  5955
  5665
  5495
  5450
  5245
  6020
  5960
  5450
  5535
  5510
  5150
  5895
  5290
  5810
  5645
  5560
  5560
  6180
  5645
  5730
  5345
  5820
  5540
  5690
  5640
  5445
  5550
  5470
  5750
  5715
  5760
  5720
  5550
  5470
  5600
  5585
  6115
  5450
  5270
  5930
  5600
  5820
  5765
  5595
  5485
  5935
  5120
  5630
  5905
  5575
  5595
  5860
  5530
  5540
  5480
  5720
  6155
  5610
  5685
  5455
  5990
  5700
  6210
  5635
  5690
  5355
  5520
  5760
  5730
  5685
  5615
  5850
  5890
  5445
  5520
  5425
  5705
  5965
  5710
  5710
  5650
  5420
  5895
  5875
  5500
  5700
  5805
  5275
  5730
  5680
  5515
  5725
  5815
  5315
  5250
  6020
  5350
  5730
  5830
  5395
  5570
  5695
  5675
  5720
  5415
  5785
  5500
  5690
  6445
  5320
  5215
  5865
  5340
  5705
  5580
  5790
  5710
  5745
  5465
  5720
  5540
  5390
  6210
  5780
  5370
  6055
  5135
  6150
  5900
  5790
  5750
  5845
  5760
  5825
  5335
  5565
  5935
  5545
  5225
  5570
  5715
  5565
  6060
  5360
  5920
  5260
  5720
  5980
  5745
  5565
  5965
  5305
  5965
  6000
  5250
  5860
  5125
  5680
  5395
  5380
  5610
  5525
  6035
  5970
  6065
  5290
  6095
  5540
  5665
  5600
  5400
  5875
  5550
  5345
  5545
  5585
  5790
  5970
  5660
  6055
  5755
  5615
  5500
  5360
  5550
  5595
  5595
  5835
  5440
  5585
  5780
  5775
  5690
  5750
  5815
  5455
  5800
  5735
  5185
  5810
  5800
  5340
  6035
  5705
  5335
  6035
  6015
  5515
  5435
  6010
  6020
  5545
  5830
  5375
  5825
  5975
  5455
  5435
  5735
  5885
  5805
  5335
  5580
  5615
  5580
  5425
  5665
  5465
  5855
  5185
  5920
  5740
  5700
  5845
  5570
  5925
  5735
  5605
  5485
  5250
  5685
  5760
  5710
  5795
  5705
  5420
  5565
  5665
  5770
  5560
  6005
  5160
  5385
  5635
  5830
  5780
  5370
  5990
  5105
  5265
  6130
  5675
  5610
  5825
  5370
  5425
  5730
  5745
  5575
  5780
  5475
  5835
  5560
  5600
  5450
  5910
  5470
  5770
  6010
  5125
  5625
  5530
  5850
  5450
  5780
  5400
  5485
  5790
  5560
  5875
  5905
  6060
  5105
  5585
  6135
  5400
  5465
  5710
  5745
  5820
  5345
  5955
  5915
  5130
  5690
  5945
  5870
  5130
  5715
  5805
  5305
  5540
  6210
  5785
  5510
  6200
  5445
  5390
  5775
  5280
  5820
  5750
  5905
  5795
  5360
  5750
  5720
  5625
  5405
  6010
  5655
  5525
  5415
  5305
  5535
  5820
  5805
  5575
  5805
  5085
  5465
  5625
  5640
  5205
  5815
  5540
  5640
  5475
  5605
  5460
  5450
  5655
  5750
  5795
  5230
  5865
  5815
  5405
  5825
  5845
  5745
  5630
  5450
  5625
  5440
  5760
  5900
  5455
  5810
  5585
  5795
  5945
  5395
  6235
  5275
  6040
  5585
  5605
  5400
  5630
  5785
  5400
  5815
  5690
  5560
  5545
  5550
  5800
  5375
  5495
  5535
  5545
  5410
  5695
  5770
  5590
  5760
  5820
  5590
  5520
  5840
  5495
  5790
  5890
  5765
  5285
  5560
  5800
  5715
  5825
  5445
  5465
  5825
  5730
  5280
  5880
  6140
  5520
  5875
  5600
  5670
  5875
  5435
  5270
  5370
  5815
  5750
  5430
  5775
  5445
  5555
  5715
  5500
  5560
  5435
  5810
  5820
  5380
  5685
  5865
  5810
  5880
  5635
  5780
  5485
  5130
  5815
  5665
  5840
  5450
  5935
  5440
  5875
  5730
  5330
  5785
  5535
  5415
  5790
  5295
  5470
  5990
  5915
  5530
  5240
  5840
  5555
  5840
  5135
  6050
  5500
  5525
  6010
  5575
  5535
  5435
  5760
  5135
  5880
  5685
  5865
  5740
  5825
  5790
  5980
  5735
  5600
  5685
  5565
  5265
  6030
  5255
  5620
  5365
  5855
  5270
  5960
  5330
  5690
  5395
  5900
  5735
  5535
  5660
  5415
  5680
  5175
  5540
  5685
  5800
  5360
  5270
  5665
  5415
  5410
  5830
  5770
  5700
  5535
  5365
  5845
  5610
  5795
  5445
  5515
  5640
  5895
  5670
  5715
  5525
  5095
  5450
  5700
  5505
  5630
  5590
  5520
  5195
  5970
  5360
  5525
  5845
  5485
  5195
  5545
  5980
  5815
  5220
  5795
  5280
  5615
  5545
  5685
  5705
  5640
  5930
  5435
  5930
  5400
  5730
  5585
  5905
  5430
  5575
  5805
  5915
  5840
  5610
  5945
  5860
  5735
  5640
  5405
  5395
  6255
  5810
  5450
  5815
  5790
  5265
  5735
  5765
  5225
  5805
  5610
  5925
  5990
  5585
  5545
  5595
  5720
  5910
  5505
  5470
  5975
  5780
  5410
  5500
  5630
  5695
  5915
  5685
  5715
  5655
  5205
  5760
  5430
  5665
  5760
  5870
  5505
  5850
  5520
  5415
  5965
  5490
  5855
  5950
  5295
  5770
  5755
  5670
  5730
  5470
  5960
  5650
  5730
  5390
  6080
  5590
  5185
  5750
  5860
  5740
  5230
  5515
  5975
  5180
  5830
  5565
  5665
  6120
  5715
  5750
  5280
  5655
  5165
  5635
  5690
  5385
  5710
  5525
  5555
  5535
  6025
  5405
  5575
  5750
  5730
  5100
  5695
  5735
  5545
  5715
  5615
  5780
  5525
  5865
  5215
  6070
  5490
  5710
  5725
  5610
  5570
  5780
  6020
  5655
  5940
  6300
  5580
  5470
  5800
  6105
  5560
  5780
  5340
  5635
  5185
  5655
  6025
  5865
  5460
  5040
  5790
  6090
  5975
  5390
  5480
  5745
  5845
  5450
  5985
  5900
  5585
  5660
  5570
  5510
  5735
  5435
  6230
  5420
  5985
  5350
  5870
  5950
  5605
  5655
  5870
  5790
  5515
  5540
  5810
  5550
  5295
  5530
  6170
  5355
  5775
  5775
  5495
  5700
  5885
  5335
  5440
  5615
  5730
  5280
  5875
  5790
  5875
  5220
  5850
  5775
  5905
  5980
  5725
  5750
  5850
  5315
  5715
  5365
  5775
  5600
  5375
  5490
  5230
  5715
  5530
  5810
  5500
  5700
  5910
  5670
  5750
  5205
  5755
  5160
  6085
  6245
  5220
  5880
  5645
  5625
  5855
  5675
  5725
  5825
  5360
  5825
  5675
  5900
  5600
  5740
  5685
  5630
  5495
  5870
  5840
  5850
  5800
  5160
  5825
  5750
  5595
  5870
  5470
  5740
  5665
  6050
  5435
  5445
  5720
  5030
  5395
  5755
  5630
  5760
  5885
  5950
  5315
  5685
  5160
  5900
  5765
  5805
  5390
  5740
  5235
  5925
  5520
  6130
  5500
  6095
  5110
  5660
  5625
  5720
  5300
  5570
  5950
  5320
  5595
  5935
  5350
  5825
  5335
  5510
  5830
  5870
  5855
  5380
  5555
  5625
  5710
  5525
  5765
  5785
  5505
  5470
  5890
  5640
  5675
  5775
  5350
  5345
  5935
  5475
  5210
  5970
  5395
  5655
  5710
  5345
  5635
  6010
  5420
  5850
  5360
  6075
  5650
  5645
  5905
  5785
  5610
  5415
  5635
  5520
  5535
  5840
  5530
  5710
  5660
  5950
  5685
  5125
  5695
  5475
  5490
  5520
  5720
  5735
  5950
  5555
  5655
  5405
  5535
  5560
  5415
  5875
  5255
  5775
  5215
  5725
  5495
  5275
  6030
  5235
  5960
  5295
  5850
  5250
  5570
  5710
  5690
  5695
  6115
  5320
  5615
  5350
  5495
  5675
  5590
  5645
  5735
  5385
  5485
  5580
  5740
  5750
  5410
  5875
  5375
  5630
  5635
  5410
  5435
  5825
  5640
  5300
  5895
  5610
  5225
  5495
  5565
  5545
  5535
  5295
  5230
  5845
  5560
  5410
  5635
  5600
  5755
  5810
  5375
  5535
  5170
  5725
  5225
  5810
  5405
  5570
  5830
  5595
  5540
  5435
  5590
  5770
  5605
  5705
  5585
  6110
  5275
  5880
  5505
  5980
  5135
  5645
  5245
  5790
  5240
  5520
  5840
  5325
  5675
  6040
  5665
  5725
  5465
  5925
  5680
  5585
  6045
  5735
  5695
  5725
  6005
  5410
  5580
  5575
  5715
  5520
  5870
  5610
  5195
  5980
  5810
  5710
  5545
  6040
  5430
  5355
  5695
  5760
  5800
  5485
  5660
  5545
  5560
  5815
  5815
  5805
  5535
  5770
  5855
  5970
  5225
  5960
  5345
  5970
  5460
  5835
  5725
  5900
  5620
  5475
  5310
  5375
  5430
  6055
  5705
  5310
  5635
  5395
  5580
  5675
  5745
  5650
  5195
  5795
  5510
  5790
  5285
  6165
  5550
  5555
  5780
  5580
  5655
  5070
  5955
  5335
  5865
  5285
  5740
  5990
  5800
  5735
  5030
  5455
  5410
  5860
  5380
  5255
  5715
  5450
  5745
  5230
  5615
  5570
  5450
  5650
  5660
  5565
  5740
  5335
  5500
  5645
  5610
  5640
  5910
  5600
  5280
  5325
  5855
  5830
  5450
  5285
  5070
  5855
  5585
  5440
  5500
  5640
  5785
  5690
  5315
  5365
  5435
  5665
  5575
  5875
  5145
  5815
  5590
  5460
  5765
  5710
  5515
  5780
  5505
  5550
  5665
  5650
  5620
  5915
  5090
  5540
  5935
  5655
  5640
  5780
  6165
  5825
  5565
  5560
  5925
  5825
  5830
  5695
  5560
  5320
  5460
  5680
  5555
  5545
  5540
  5325
  5525
  5560
  5395
  5790
  5660
  5530
  5750
  5675
  5285
  5505
  5725
  5735
  5585
  5715
  5500
  5260
  5500
  5560
  5620
  6025
  5685
  5460
  5760
  5540
  5835
  5890
  5285
  5310
  5795
  5780
  5215
  5535
  5360
  5570
  5720
  5855
  5995
  5625
  5670
  5715
  5600
  5370
  5755
  6210
  5555
  5340
  5635
  5880
  5455
  5465
  5965
  5170
  5875
  5560
  5540
  5615
  5955
  5505
  5505
  5710
  5615
  5505
  5820
  5650
  5640
  6005
  5580
  5380
  5115
  5895
  5625
  5385
  5795
  5505
  5270
  5415
  6060
  5245
  5440
  5605
  5480
  5385
  5910
  5515
  5635
  5485
  5545
  5440
  5820
  5415
  5565
  5890
  5470
  5935
  5610
  5620
  5515
  5920
  5355
  5440
  5630
  5705
  5725
  4990
  5790
  5635
  5505
  5810
  5520
  5755
  5725
  5075
  5390
  5505
  5830
  5290
  5700
  5605
  5345
  5875
  5765
  5325
  5875
  5580
  5270
  5630
  5270
  5890
  5635
  5465
  5595
  5730
  5235
  5800
  5750
  5825
  5640
  5545
  5335
  5455
  5640
  5420
  5715
  5675
  5855
  5515
  5720
  5590
  6255
  5600
  5425
  5725
  6075
  5570
  5480
  5265
  5515
  5700
  5305
  5595
  5490
  5435
  5930
  5365
  5650
  5595
  5710
  5960
  5490
  5715
  5495
  5400
  5635
  5460
  5785
  5610
  5640
  5055
  6030
  5720
  5555
  5560
  5210
  5360
  5705
  5515
  5430
  5475
  5525
  5420
  5700
  5825
  5450
  5240
  5650
  5940
  5635
  5390
  5510
  5730
  5910
  5860
  5375
  5340
  5635
  5935
  5580
  5500
  5550
  5670
  5780
  5590
  5295
  5995
  5530
  5825
  5865
  5265
  5260
  5725
  5905
  5520
  5320
  5895
  5540
  5630
  5515
  5835
  5660
  5525
  5755
  5510
  5430
  5335
  5475
  5235
  5635
  5555
  5065
  5990
  5360
  5710
  5760
  5670
  5375
  5605
  5775
  5765
  5535
  5660
  5560
  5515
  5820
  5830
  5725
  5390
  5855
  5960
  5410
  5645
  5615
  5550
  5530
  5720
  5655
  5535
  5720
  5305
  5575
  5775
  5425
  5465
  5405
  5775
  5305
  5900
  5595
  6015
  5410
  5620
  5215
  6395
  5440
  5625
  5665
  5755
  5325
  5800
  5855
  5890
  5525
  5815
  5745
  5805
  5565
  5540
  5660
  5570
  5800
  5535
  5360
  5875
  5430
  5445
  5670
  5555
  6030
  5405
  5555
  5530
  5675
  5625
  5265
  5885
  5370
  5680
  5470
  5580
  5805
  5475
  5365
  5785
  5520
  5860
  5235
  5485
  5920
  5305
  5800
  5725
  5680
  5630
  5540
  5535
  5025
  5795
  5610
  5325
  5585
  5640
  5405
  5535
  5585
  5590
  5595
  5745
  5350
  5500
  5560
  5590
  5630
  5465
  5445
  5390
  5420
  5855
  4920
  5485
  5575
  5400
  5350
  5725
  5885
  5825
  5660
  5855
  5185
  5485
  5850
  5885
  5115
  5540
  5610
  5820
  5765
  5610
  5650
  5370
  5440
  5780
  5310
  5425
  5610
  5460
  5890
  5655
  5210
  5680
  5560
  5500
  5490
  5705
  6000
  5300
  5485
  5625
  5690
  5525
  5515
  5460
  5555
  5540
  5510
  5675
  5525
  5370
  5590
  5540
  5935
  6160
  5340
  5535
  5795
  5780
  5640
  5445
  5625
  5525
  5875
  5535
  5865
  5355
  5815
  5265
  5770
  5560
  5445
  5830
  5565
  5685
  5460
  5130
  5800
  6035
  5565
  5900
  6315
  5980
  5830
  5870
  5255
  5675
  5645
  5635
  5380
  5695
  5560
  5340
  5645
  5700
  5700
  5735
  5170
  5720
  5740
  5645
  5425
  5785
  6140
  5305
  5440
  5540
  5850
  5330
  5500
  5880
  5750
  5495
  5825
  5215
  5465
  5800
  5680
  5905
  5675
  5610
  5765
  5410
  5495
  5650
  5320
  5605
  5645
  5810
  5610
  5790
  5430
  5780
  5780
  5775
  5935
  6130
  5400
  5815
  5435
  5895
  5285
  5520
  5665
  5780
  5675
  5765
  5410
  5505
  5635
  6035
  5885
  5405
  5515
  5790
  5430
  5200
  5920
  5530
  5770
  5890
  5625
  5700
  5655
  5855
  5495
  5430
  6135
  5065
  5900
  5535
  5130
  5625
  5680
  5565
  5530
  5250
  5370
  5575
  5870
  5930
  5685
  5615
  5175
  5685
  5700
  5640
  5805
  5695
  5595
  5530
  5620
  5750
  5745
  5555
  5715
  5780
  5595
  5640
  5660
  5640
  5525
  5640
  5625
  5765
  5400
  5835
  5695
  5495
  5640
  5695
  5585
  5580
  5170
  5785
  5775
  5410
  5730
  5825
  5340
  5355
  5605
  5710
  5895
  5665
  5770
  5730
  5405
  5755
  5750
  5895
  5420
  5485
  5930
  5845
  5215
  5515
  5855
  5970
  5670
  5910
  5475
  5860
  5635
  5585
  5725
  5660
  5340
  5945
  5285
  5825
  5240
  5625
  5775
  5735
  5495
  5645
  5455
  5365
  5800
  5305
  5720
  5765
  5765
  5815
  5710
  5710
  5680
  5865
  5695
  5820
  5525
  5475
  5695
  5850
  5630
  5605
  6020
  5895
  5540
  5750
  5645
  5655
  5860
  5345
  5635
  5680
  5900
  5885
  5555
  5475
  5815
  5805
  6040
  5720
  5835
  5445
  5710
  5625
  5550
  5765
  5760
  5590
  5740
  5765
  5445
  6085
  5570
  5350
  5930
  5345
  5760
  5890
  5780
  5580
  5660
  5780
  5045
  5805
  5705
  5720
  6000
  5945
  5805
  5655
  5745
  5955
  5525
  5475
  5890
  5905
  5720
  5505
  5625
  5465
  5785
  5760
  5625
  5315
  5405
  5545
  5550
  5980
  5255
  5035
  5605
  5695
  6290
  5695
  5550
  5645
  5605
  5735
  5550
  5335
  5435
  5745
  5560
  5520
  5755
  5835
  5495
  5720
  5970
  5595
  6085
  5725
  5290
  5675
  5870
  5685
  5655
  5675
  5540
  5780
  5650
  5450
  5580
  5680
  5550
  5510
  5525
  5600
  5290
  5970
  5590
  5625
  5595
  5570
  5790
  5490
  5705
  5830
  6055
  5390
  5720
  5710
  5585
  5890
  5835
  5630
  5425
  5670
  5445
  5665
  5610
  5710
  5960
  5555
  5395
  5770
  6085
  5470
  5670
  5700
  5620
  5450
  6035
  5510
  5710
  6130
  5670
  5525
  5815
  5455
  6090
  5955
  5485
  5420
  5810
  5775
  5895
  5595
  5655
  5795
  5765
  5490
  5385
  5930
  5220
  5795
  5345
  5605
  6085
  5535
  5795
  5005
  5830
  5545
  5740
  5320
  5555
  5855
  5455
  5790
  5550
  5440
  6090
  5605
  5605
  5840
  5815
  5435
  5745
  5910
  5390
  5550
  5795
  5570
  5740
  5195
  5860
  5945
  5475
  5480
  5940
  5580
  5420
  5590
  5690
  5725
  5935
  5555
  5680
  5710
  5465
  5915
  6055
  5335
  5900
  5705
  5775
  5870
  5525
  5515
  5690
  5780
  5750
  5615
  5945
  5420
  5655
  5535
  5595
  5690
  5320
  5710
  5935
  5435
  5495
  5710
  5700
  5535
  5625
  5580
  5750
  5735
  5925
  5540
  5640
  5720
  5325
  5455
  5725
  5690
  5480
  5200
  5690
  5355
  5590
  5990
  5880
  5855
  5105
  5695
  4980
  5615
  5810
  5715
  5690
  5745
  5870
  5610
  5240
  5570
  5390
  5785
  5595
  5570
  5755
  5825
  5975
  5160
  5875
  5625
  5235
  5745
  5730
  5370
  5680
  5790
  5365
  5885
  5200
  5965
  5665
  5300
  5730
  5695
  5880
  5685
  5965
  5610
  5745
  5410
  5565
  5610
  5780
  5655
  5480
  5975
  5095
  5755
  5485
  5610
  5570
  5745
  5710
  5890
  5905
  5685
  5985
  5685
  5480
  5750
  5790
  5720
  5555
  5655
  5400
  6045
  5495
  5650
  5490
  5935
  5915
  5670
  5555
  5885
  5415
  5930
  5365
  5670
  6245
  5750
  5825
  5650
  5445
  5955
  5500
  5285
  5775
  5920
  5410
  5730
  5755
  5430
  5775
  5345
  6070
  5795
  5705
  5285
  5655
  5565
  6025
  5605
  5760
  5825
  5490
  5620
  5950
  5425
  5260
  6090
  5365
  5665
  5865
  5720
  5770
  5830
  5290
  5955
  5580
  5545
  5905
  6375
  5410
  5545
  5815
  5395
  5365
  6065
  5565
  5685
  5635
  5590
  5765
  5645
  5815
  6135
  5675
  5665
  5690
  5880
  6035
  5745
  5655
  5365
  5945
  5785
  5425
  5420
  5965
  5830
  5320
  5535
  5680
  6055
  5520
  5770
  5600
  5675
  5730
  6060
  5320
  5795
  5500
  5410
  6070
  5590
  5975
  5645
  5310
  5555
  5720
  5430
  5960
  5925
  5895
  5380
  5350
  5660
  5585
  5720
  5435
  5535
  6015
  5115
  5475
  5855
  5350
  5685
  5310
  5325
  5420
  5630
  5715
  5460
  5925
  5610
  5115
  5505
  5770
  5000
  5875
  5620
  5560
  5835
  5425
  5670
  5690
  5550
  5740
  5740
  5655
  5530
  5950
  5390
  5915
  5615
  5690
  5605
  5710
  5460
  5360
  5605
  5695
  5340
  5730
  5385
  5620
  5655
  5810
  5460
  5680
  5540
  5960
  5010
  5895
  5825
  5295
  5360
  5910
  5635
  5370
  5630
  5595
  5885
  5170
  5135
  5765
  5960
  5670
  5725
  5775
  5495
  5475
  5540
  5520
  5710
  5120
  5400
  5875
  5600
  5635
  5860
  5345
  5785
  5345
  5480
  5925
  5185
  5700
  5560
  5070
  5910
  5385
  5360
  5750
  5695
  5505
  5550
  5120
  5985
  5300
  5435
  5500
  5790
  5470
  5645
  5355
  5655
  5140
  5485
  5640
  5645
  5305
  5810
  5345
  5545
  5715
  5775
  5630
  5735
  5555
  5320
  5720
  5725
  5875
  5615
  5940
  5065
  5565
  5475
  5705
  5720
  5915
  5425
  5835
  5345
  5420
  5450
  5715
  5750
  5855
  5925
  6155
  5535
  5785
  5280
  5745
  5745
  5450
  6065
  5555
  5750
  5805
  5700
  5325
  5370
  5545
  5885
  5905
  5700
  5510
  5725
  5580
  5450
  5550
  6030
  5970
  5110
  5640
  5540
  5390
  5660
  5660
  6135
  5770
  5780
  5565
  5580
  5710
  5660
  5505
  5340
  5540
  5450
  5520
  5625
  5340
  5720
  5715
  5860
  5595
  5420
  5690
  5455
  5540
  5845
  5710
  6010
  5800
  5485
  5660
  5110
  5435
  5700
  5330
  6010
  5610
  5465
  5750
  5835
  5635
  5910
  5575
  5730
  5405
  5940
  5690
  5735
  5860
  5765
  5770
  5530
  5415
  6120
  5585
  5475
  5805
  5810
  5715
  5570
  6025
  5130
  5865
  5315
  5370
  6045
  5605
  5515
  5670
  5690
  6065
  5570
  5575
  5260
  5935
  5450
  5805
  5960
  5630
  5385
  5945
  5410
  5895
  5580
  5865
  5390
  5630
  5485
  6030
  5040
  5985
  5700
  5590
  5645
  5865
  5445
  6000
  5750
  5510
  5715
  5750
  5680
  5605
  6015
  5380
  5640
  5760
  5200
  5585
  5340
  5550
  5620
  5730
  5360
  5285
  6065
  5960
  6025
  5375
  5405
  5455
  5885
  5680
  5250
  5890
  5915
  5580
  5770
  6050
  5670
  5765
  5595
  5600
  5805
  5560
  5845
  5735
  5920
  5785
  6285
  5855
  5570
  5570
  5720
  5525
  5615
  5695
  6005
  5515
  5660
  5540
  5925
  5445
  5835
  5890
  5955
  5605
  5785
  5095
  5795
  6030
  5630
  5395
  5660
  5845
  5485
  5825
  5300
  5445
  5945
  5775
  5600
  5685
  5245
  5950
  5515
  5800
  5560
  5915
  5645
  5680
  6305
  5475
  4965
  5610
  5680
  5850
  5415
  5660
  5980
  5755
  5855
  5385
  5595
  5640
  5705
  6005
  5095
  5615
  5425
  5615
  5500
  5410
  5790
  6020
  5280
  5865
  5605
  5300
  5625
  5340
  5635
  5315
  5640
  6075
  5610
  5295
  5770
  5210
  5170
  5700
  5515
  5720
  5810
  5775
  5730
  5455
  5405
  6125
  5755
  5345
  5955
  5400
  5640
  5890
  5805
  5475
  5950
  5565
  5420
  5620
  5695
  5525
  5680
  5575
  6120
  5385
  5460
  5710
  5585
  5980
  5440
  5815
  5595
  5510
  5555
  5540
  5745
  5280
  5645
  5720
  5155
  5745
  5370
  5780
  5795
  5385
  6050
  6050
  5830
  5980
  5580
  5990
  5400
  5560
  5755
  5265
  5575
  5700
  5505
  5590
  5755
  5910
  5955
  5760
  5455
  5305
  6010
  5790
  5720
  5510
  5455
  5745
  5505
  5470
  5840
  5660
  5590
  5625
  5755
  5770
  5735
  6135
  6105
  5660
  5705
  5290
  5770
  5695
  5780
  5495
  5700
  5605
  5805
  6020
  5490
  5840
  5560
  5795
  5585
  5870
  5695
  5820
  5960
  5680
  5640
  5605
  5740
  5855
  5680
  5250
  5680
  5710
  5660
  5845
  5835
  5685
  5460
  5690
  5760
  5340
  6025
  6210
  5215
  5610
  5660
  5825
  5755
  5745
  5550
  5675
  5625
  5910
  5805
  5220
  6245
  5590
  5605
  5835
  5905
  5510
  5885
  5595
  5895
  5980
  5360
  5720
  5880
  6240
  5235
  5845
  5950
  5595
  5855
  5790
  5615
  5670
  5295
  6040
  5575
  5825
  5380
  5610
  5910
  5880
  5550
  5520
  5415
  5550
  5560
  5975
  6030
  5480
  5625
  5810
  5410
  5605
  5600
  5305
  5360
  5675
  6175
  5675
  5725
  5990
  5555
  5655
  5690
  5385
  5855
  5365
  5530
  5930
  5660
  5735
  5810
  5545
  5610
  5695
  5290
  5505
  5725
  5725
  5795
  5860
  6175
  5320
  5550
  5300
  5840
  5405
  5935
  5490
  5365
  5660
  6035
  5405
  5635
  5695
  5480
  5440
  6145
  5485
  5705
  5955
  5670
  6155
  5180
  5385
  5855
  5535
  5620
  5865
  5200
  6205
  5830
  5590
  5665
  5385
  5615
  5565
  6000
  5500
  5830
  5625
  5250
  5975
  5915
  5765
  5490
  5560
  5615
  5380
  5850
  5735
  5820
  5305
  5515
  5615
  5630
  6150
  5845
  5570
  5775
  5715
  5715
  5700
  5850
  5800
  5540
  5565
  5365
  5985
  5370
  5870
  5700
  5880
  5470
  5975
  5615
  5325
  5855
  5485
  5825
  5740
  5180
  5970
  5695
  5795
  5455
  5255
  5885
  5505
  5045
  6285
  5920
  5820
  5430
  5680
  5850
  5590
  5795
  5470
  5680
  5725
  5305
  5355
  6080
  5595
  5445
  5750
  5980
  5710
  5980
  5605
  5410
  5765
  5655
  5505
  5745
  5225
  5475
  5660
  5900
  5525
  6010
  6045
  5515
  5420
  5585
  5780
  5235
  5695
  5525
  5680
  5820
  5845
  5475
  5650
  5270
  5740
  5230
  5630
  5620
  5600
  5415
  5480
  5480
  5800
  5600
  5610
  5835
  5275
  5560
  5655
  5565
  6305
  5410
  5735
  6180
  5590
  5925
  5105
  5730
  5960
  5580
  5420
  6245
  5255
  5795
  5160
  5945
  5475
  5820
  5295
  5685
  5930
  5570
  5645
  5760
  5740
  6180
  5695
  5415
  5675
  6040
  5815
  5555
  5555
  5610
  5385
  6025
  5810
  5575
  5950
  6065
  5290
  5675
  5720
  5745
  5775
  5880
  5515
  5780
  5850
  5600
  5900
  5600
  5805
  5665
  5635
  5485
  5565
  5610
  5585
  5965
  5610
  5495
  5510
  6155
  5715
  5755
  5220
  5825
  5705
  5610
  5115
  6125
  5235
  5380
  5775
  5690
  5895
  5790
  5710
  5795
  5220
  5715
  5700
  5620
  5405
  5995
  5940
  5670
  5770
  5595
  5825
  5395
  5525
  6000
  5495
  5425
  6020
  5895
  5950
  5695
  5770
  5970
  5875
  6060
  5855
  5580
  5550
  5775
  5650
  5890
  5500
  5620
  5940
  5540
  5765
  6240
  5620
  5230
  5690
  5915
  5695
  5295
  6175
  5320
  5345
  5440
  6040
  5715
  5665
  5725
  5700
  5470
  5620
  5370
  5560
  5970
  5880
  5665
  5250
  6255
  5900
  5255
  5570
  6160
  5830
  5725
  5550
  5595
  5765
  5740
  5690
  5695
  5745
  5735
  5650
  5980
  5535
  5705
  5790
  5650
  5900
  5895
  5405
  5850
  5910
  5855
  5690
  5615
  6110
  5785
  5465
  5570
  5280
  5730
  5850
  5780
  5950
  5625
  5610
  5870
  6085
  5590
  5905
  5185
  5715
  5530
  5455
  5675
  5875
  5805
  5430
  6060
  5260
  5640
  5490
  5715
  5365
  5530
  5635
  5375
  5575
  6205
  5480
  5530
  6005
  5095
  5745
  5700
  5365
  5375
  5655
  5605
  5660
  5505
  5835
  5780
  5205
  6090
  5795
  5780
  5570
  5285
  5455
  5705
  5650
  6065
  5680
  5765
  5615
  5490
  5415
  5790
  5615
  5675
  5765
  5555
  5810
  5675
  6110
  5310
  5380
  5335
  5735
  5920
  5840
  5690
  5535
  5770
  5785
  5845
  5670
  5485
  5740
  5970
  5660
  5645
  5520
  5980
  5510
  5755
  5580
  5430
  5845
  5700
  5435
  5915
  5690
  5235
  5560
  5850
  5800
  5625
  5610
  5685
  5800
  5495
  5390
  5825
  5705
  5885
  6070
  5700
  5615
  5725
  5560
  5865
  6080
  5685
  5540
  5945
  5415
  5785
  5605
  5225
  6040
  5695
  5200
  5420
  6165
  5560
  5595
  5765
  5590
  6025
  5760
  5550
  5600
  5785
  6215
  5535
  5740
  5465
  5900
  5520
  5780
  5745
  5470
  5615
  5665
  5990
  5205
  6060
  5855
  5845
  5410
  5985
  5870
  5350
  5605
  6105
  5550
  5340
  6225
  5215
  5475
  6145
  5470
  5395
  5790
  5305
  6065
  5720
  5585
  5700
  6160
  5310
  5635
  5710
  5095
  5230
  6020
  5675
  5470
  5930
  5680
  5395
  5720
  5690
  5825
  5645
  5650
  5255
  5695
  5595
  5775
  5865
  5750
  5885
  5480
  5655
  5830
  5960
  5950
  5550
  5515
  5610
  5490
  5550
  5680
  5750
  5770
  5825
  5855
  5770
  5210
  5950
  5495
  5830
  5360
  6140
  5305
  5730
  5200
  6050
  5790
  5470
  5725
  5705
  5735
  5560
  5625
  5650
  5600
  5815
  5660
  5400
  5875
  5270
  5885
  5870
  5590
  6310
  6050
  5185
  6250
  5535
  5710
  5550
  5475
  5980
  5725
  5835
  5480
  5600
  5445
  5505
  5680
  5120
  5905
  5135
  5610
  5790
  5605
  5940
  5895
  5770
  5860
  5815
  5965
  5915
  5130
  6105
  5550
  5510
  5620
  5365
  5830
  5485
  5815
  5825
  5500
  5960
  5635
  5530
  5800
  5975
  5280
  5840
  5745
  5775
  5965
  5670
  5930
  5530
  5635
  5635
  5600
  5660
  5550
  6150
  5735
  5410
  5750
  5675
  5550
  5410
  5475
  5950
  6295
  5865
  5415
  5655
  5870
  5865
  5380
  5835
  5930
  5370
  5420
  6065
  5595
  5550
  5625
  5840
  5790
  5335
  6020
  5545
  5770
  5815
  5940
  5385
  5715
  5820
  5870
  5515
  5725
  5840
  5610
  6100
  5445
  5775
  5380
  5435
  5720
  5390
  5955
  5495
  5550
  6050
  5845
  5615
  5725
  6030
  5500
  5605
  5650
  5965
  5815
  5700
  5580
  5800
  5915
  5215
  5890
  5440
  5650
  5890
  5625
  6100
  5850
  5865
  6040
  5460
  5980
  5675
  5600
  6035
  5575
  5895
  5665
  5705
  5750
  5725
  5920
  5525
  5775
  6120
  5715
  5735
  5490
  6005
  5860
  6000
  5485
  5775
  5640
  5675
  5905
  5515
  5755
  5590
  5720
  5960
  5565
  5815
  5540
  5605
  5560
  5995
  5590
  5690
  6015
  6175
  5515
  5820
  5730
  5600
  5380
  5855
  6080
  5630
  5850
  5560
  5625
  5570
  5965
  5465
  5540
  5405
  5625
  5675
  5730
  5630
  5565
  5925
  5980
  6060
  5780
  5755
  5750
  5700
  5420
  6065
  5915
  5915
  5545
  6025
  5880
  5570
  5620
  5100
  5535
  6210
  6040
  5485
  5970
  5860
  5620
  5755
  6225
  5690
  5300
  5430
  6040
  5955
  5990
  5335
  5770
  5425
  5450
  6190
  5900
  5490
  5795
  5360
  5750
  5815
  5785
  5350
  6190
  5285
  6240
  5355
  5600
  5805
  5150
  5825
  5450
  5695
  5730
  5225
  5910
  5315
  5505
  5680
  5510
  5775
  6110
  5830
  5600
  5925
  5815
  5510
  5770
  5660
  5700
  5785
  5645
  5445
  5590
  6095
  5615
  5510
  5960
  5795
  6030
  5950
  5580
  5635
  5930
  5510
  5555
  6040
  5810
  5810
  6030
  5450
  5835
  5825
  5275
  5820
  5435
  5670
  5770
  5495
  6040
  5520
  5565
  5875
  6235
  5735
  5415
  5935
  5585
  5675
  5235
  5645
  5450
  5775
  5655
  5655
  6025
  5375
  5700
  5700
  5655
  5850
  5680
  5760
  5255
  6045
  5710
  5435
  5630
  5555
  5705
  5825
  5880
  5630
  5900
  5630
  5935
  5320
  5805
  5760
  5625
  5765
  6020
  6050
  5745
  5750
  5350
  5855
  5245
  5605
  5845
  5310
  5715
  6050
  5580
  5910
  5340
  5900
  5415
  5920
  5610
  5695
  5580
  5565
  5925
  5915
  5445
  5860
  5390
  5455
  5455
  5665
  6025
  5245
  5740
  6120
  5900
  5455
  5400
  5385
  5910
  5750
  5940
  5485
  5580
  5765
  5475
  5575
  5770
  5885
  5605
  5800
  5500
  5565
  5675
  5715
  5460
  5390
  5420
  5775
  5840
  5790
  5735
  5855
  5925
  5700
  5435
  5790
  5685
  5855
  5485
  5640
  5820
  5790
  5575
  5400
  5815
  6195
  5595
  5560
  5775
  5255
  5770
  5390
  5575
  5625
  5620
  5235
  5880
  5770
  5595
  5535
  6080
  5270
  5305
  5950
  5750
  5300
  5385
  5585
  5620
  5980
  5820
  5645
  5445
  5510
  5720
  5810
  5405
  6490
  5260
  5795
  5865
  5845
  5465
  5725
  5865
  5580
  5585
  5520
  6090
  5305
  6030
  5755
  5905
  5750
  5430
  5195
  5915
  5490
  5700
  5085
  5435
  5550
  6005
  5915
  5750
  5165
  6040
  5210
  5300
  5775
  5490
  5565
  5760
  5815
  5925
  5560
  5250
  5870
  5670
  5695
  5690
  5410
  5920
  5730
  5420
  5750
  6370
  5490
  5465
  5530
  5830
  5470
  5550
  5720
  5510
  5700
  4910
  5730
  5940
  5455
  5660
  6030
  5365
  5540
  6165
  5795
  5125
  6105
  5645
  5330
  5545
  5535
  5890
  5535
  5600
  5760
  5455
  5940
  5850
  5345
  5995
  5620
  5835
  5920
  5670
  5790
  5475
  5630
  5790
  5475
  5490
  5725
  5360
  6120
  5730
  5635
  5415
  5455
  6220
  5120
  6020
  5660
  5495
  5700
  5540
  5735
  5950
  5380
  5700
  5775
  5530
  6160
  5575
  5350
  5650
  5705
  5870
  5415
  5660
  5780
  5760
  5735
  5660
  5770
  5655
  5955
  5655
  5590
  5770
  5480
  5545
  5935
  5750
  5500
  5490
  5670
  5655
  5350
  5675
  5715
  5555
  5610
  5490
  6055
  5575
  5935
  5725
  5520
  5510
  5825
  5775
  5540
  5725
  5410
  5830
  5595
  5575
  5605
  5515
  5530
  5685
  5660
  5530
  5500
  5800
  5715
  5395
  5530
  5480
  5675
  5655
  5415
  5565
  5780
  5710
  5850
  5640
  5285
  5690
  5625
  5830
  5860
  5545
  5680
  5780
  5055
  5840
  5705
  5760
  5685
  5755
  5920
  5395
  5390
  5980
  5355
  5860
  5735
  5640
  5715
  5455
  5300
  5640
  5270
  6025
  5025
  5685
  5805
  5530
  5335
  5705
  5540
  5820
  5710
  5670
  5610
  5300
  5845
  5205
  5825
  5415
  5880
  5485
  5515
  5425
  6200
  5730
  5585
  5710
  5525
  5645
  5660
  5175
  5620
  5925
  4805
  5585
  5540
  5985
  5600
  5655
  5620
  5570
  5460
  5635
  5880
  5595
  5510
  5980
  5715
  5445
  5995
  5415
  6045
  5415
  5355
  5510
  5600
  5605
  5790
  5715
  5740
  5595
  5440
  5270
  5500
  5660
  5515
  5380
  5515
  6065
  5575
  5565
  4995
  5405
  5635
  5425
  6055
  5800
  5565
  5600
  5840
  6000
  5910
  5175
  6080
  5810
  5715
  5945
  5415
  5615
  5345
  5420
  5930
  5550
  6130
  5135
  5600
  5495
  5210
  5975
  5430
  5585
  5755
  5705
  5520
  5900
  5845
  6085
  5660
  5700
  5640
  5435
  5850
  5625
  5730
  5465
  5665
  5905
  5215
  5800
  5390
  5825
  5480
  5585
  5750
  5505
  5765
  5130
  5690
  5780
  5690
  5515
  5795
  5290
  5700
  5670
  5590
  5800
  5435
  5280
  5830
  5610
  5685
  5485
  5795
  5920
  5730
  5595
  5740
  5800
  5815
  5610
  5520
  5635
  5645
  5725
  5420
  5490
  5850
  5685
  5645
  5755
  5155
  6030
  5685
  5470
  5540
  5500
  5970
  5915
  5440
  5775
  5875
  5490
  6075
  5545
  5275
  5755
  5840
  5770
  5865
  5575
  5370
  5735
  5545
  5225
  5500
  5465
  5265
  5750
  5330
  6200
  5730
  5590
  5815
  5525
  5395
  5430
  5655
  5860
  5555
  4895
  5845
  5740
  5615
  5720
  5915
  5700
  5350
  5870
  5870
  5835
  5445
  5550
  5810
  5700
  5665
  5420
  5590
  5490
  5595
  5295
  5900
  5555
  5495
  5790
  5895
  5710
  5215
  5915
  5590
  6145
  5840
  5495
  5615
  5680
  5850
  5795
  5515
  5625
  5785
  5660
  5615
  5500
  5765
  5900
  5470
  5475
  5335
  5760
  5245
  5790
  5640
  5150
  5980
  5845
  5610
  5665
  5665
  5800
  5990
  5355
  5710
  5280
  5895
  5925
  6045
  5450
  5495
  5550
  5510
  5595
  5180
  5360
  6020
  5470
  5865
  5580
  5500
  5565
  5735
  5725
  5680
  5395
  6030
  5420
  6165
  5330
  5570
  5715
  5795
  5515
  5615
  5840
  5520
  5540
  5655
  6190
  5070
  5630
  5775
  6240
  5515
  5975
  5715
  5625
  5795
  5625
  5475
  5490
  5785
  5710
  5730
  5540
  5915
  5870
  5515
  5560
  5535
  5715
  5865
  5660
  5595
  5770
  5400
  4995
  5965
  5645
  5890
  5555
  5470
  5770
  5595
  5560
  5575
  5665
  5650
  5540
  5480
  5910
  5485
  5790
  5545
  5825
  5460
  5935
  5750
  5710
  5525
  5890
  5530
  5635
  5980
  5465
  5310
  5745
  5720
  5780
  5365
  5900
  5745
  5325
  5590
  5655
  5480
  5550
  5510
  5650
  5475
  5880
  5315
  5435
  5990
  5640
  5670
  5495
  5305
  5935
  5915
  5665
  5520
  5695
  5855
  5405
  5705
  6040
  5190
  5570
  5885
  5365
  5945
  5675
  5505
  5155
  5925
  5675
  5540
  5720
  5760
  5745
  5715
  5550
  5815
  5895
  5650
  5615
  5665
  6055
  5500
  6065
  5230
  6350
  5320
  5615
  5865
  5440
  5595
  5945
  5810
  5315
  5655
  5560
  6355
  5300
  5560
  5860
  5735
  5335
  5640
  5820
  6110
  5595
  5550
  5885
  5490
  6080
  5915
  6105
  5725
  5715
  5665
  5765
  5975
  5840
  5670
  5725
  5625
  5775
  5905
  5395
  5785
  5790
  5400
  5405
  5675
  5995
  5765
  5790
  5890
  5860
  5515
  5890
  5650
  5630
  5570
  5455
  5545
  5780
  5445
  5650
  5585
  5650
  5820
  5290
  6120
  5410
  5350
  5630
  5745
  5575
  5900
  5440
  5675
  5815
  5830
  5630
  5420
  5550
  5450
  6010
  5680
  5465
  5530
  5495
  5465
  5665
  5325
  5850
  5805
  5925
  5270
  5795
  5835
  5460
  5425
  5500
  6020
  5220
  5635
  5655
  5455
  5655
  5820
  5365
  5580
  5540
  5825
  5390
  5360
  5770
  5580
  5480
  5640
  5760
  5440
  5550
  5570
  6025
  5400
  5660
  5760
  5405
  5635
  5765
  5735
  5770
  5805
  5705
  5815
  5655
  5430
  5560
  5870
  5335
  5840
  5110
  5325
  6040
  5490
  5715
  6100
  5110
  5925
  6180
  5665
  5850
  5570
  6045
  5610
  5575
  5715
  5645
  5535
  5840
  5925
  5650
  5305
  5730
  5230
  5730
  5755
  5500
  5595
  5700
  5700
  5610
  6155
  5125
  6045
  5620
  5810
  5590
  5865
  5665
  5505
  6110
  5665
  6000
  5685
  5670
  5600
  6010
  5210
  5745
  5845
  5630
  5560
  5575
  5610
  5885
  5635
  5255
  5670
  5420
  5770
  5725
  5680
  5985
  5595
  5315
  6015
  6050
  5530
  5290
  5370
  5725
  5955
  5245
  5715
  5120
  6120
  5245
  6065
  5625
  5805
  5660
  5965
  5445
  5725
  5765
  5705
  5470
  5995
  5830
  5490
  5860
  5955
  5450
  5905
  5840
  5805
  5390
  5465
  6050
  5185
  5640
  5785
  5635
  5675
  5670
  5410
  5860
  5760
  5510
  5555
  5360
  5595
  5680
  6080
  5365
  6015
  5960
  5405
  5850
  5575
  5745
  5675
  5825
  5385
  5760
  5675
  5535
  5620
  5735
  6025
  5560
  5740
  5795
  5700
  6125
  5560
  5255
  5705
  5755
  5930
  6075
  5730
  5270
  5780
  5635
  5380
  5565
  5660
  5570
  5925
  5770
  5695
  5805
  5720
  5450
  5720
  5430
  5650
  5675
  5725
  5600
  5520
  5585
  5585
  5815
  5760
  5220
  5355
  5725
  5195
  5465
  5380
  5295
  5755
  5380
  5705
  5710
  5370
  5565
  5975
  5885
  5405
  5100
  5475
  5750
  5030
  5550
  5865
  5755
  5540
  5410
  5940
  5315
  5910
  5330
  5990
  5625
  5530
  5585
  5585
  5610
  5425
  5680
  5770
  5635
  5710
  5715
  5020
  5690
  5460
  5095
  5530
  5995
  5715
  4825
  5710
  6015
  5405
  5095
  5465
  5730
  5580
  5130
  5965
  5295
  5735
  5930
  5750
  5305
  5340
  5620
  5605
  5300
  5530
  5535
  5750
  6010
  5520
  5110
  5210
  5565
  5730
  5485
  5500
  5730
  5410
  5195
  5810
  5520
  5420
  5650
  5435
  5240
  5545
  5560
  5250
  5825
  5800
  5425
  5540
  5335
  5515
  5460
  5565
  5430
  4855
  5680
  5325
  5405
  5800
  5670
  5295
  5460
  5395
  5535
  5605
  5390
  5375
  5490
  5530
  5555
  5295
  5175
  5265
  5205
  5525
  4925
  5905
  5525
  5605
  5170
  5545
  5410
  5780
  4810
  5740
  4965
  5415
  5170
  5635
  5190
  5970
  4820
  5585
  5600
  5585
  5090
  5770
  5285
  5925
  5175
  5905
  5370
  5575
  5390
  5815
  5295
  5295
  5415
  5550
  5625
  5570
  5515
  5580
  5460
  5410
  5290
  5330
  5385
  5315
  5585
  5410
  5590
  5365
  5495
  5520
  5435
  5185
  5845
  5210
  5910
  5765
  4900
  5795
  5075
  5555
  5710
  5255
  5630
  4930
  5780
  5040
  5625
  5525
  4970
  5865
  4835
  5480
  4985
  5555
  5495
  5060
  5720
  5160
  5680
  5335
  5710
  5220
  5490
  5080
  5525
  5375
  5540
  5125
  5750
  5120
  5355
  5180
  5535
  5155
  5930
  5245
  5495
  4940
  5740
  5255
  6105
  4850
  5700
  5010
  5600
  5000
  5865
  4700
  5890
  4750
  5855
  4925
  5680
  5790
  4765
  5665
  4915
  5780
  5020
  6050
  4995
  5855
  5005
  5575
  5345
  5420
  5040
  5850
  4955
  5780
  5110
  5300
  5490
  5830
  5050
  5485
  5885
  5220
  5940
  5420
  5550
  5625
  5010
  5700
  5730
  4885
  5565
  5240
  5250
  5555
  5185
  5870
  4900
  5435
  5425
  4995
  5625
  4990
  5435
  5365
  5300
  5390
  5290
  5700
  5205
  4915
  5525
  5405
  5175
  5450
  5710
  5755
  5120
  5600
  5905
  4970
  5610
  4960
  5020
  5585
  4950
  5635
  5215
  5385
  5375
  5430
  5070
  5745
  5420
  5440
  4960
  5595
  5750
  4945
  5625
  5545
  5485
  4995
  5345
  5600
  5435
  4860
  5475
  5435
  5100
  5190
  5510
  5315
  5040
  5375
  5490
  5345
  5280
  5695
  5165
  5135
  5500
  5210
  5300
  5130
  5390
  5645
  5550
  5485
  5520
  5490
  5510
  4780
  5385
  5380
  5640
  5215
  5190
  5275
  5535
  5470
  5540
  5425
  5190
  5375
  5625
  5115
  5210
  5650
  5235
  5585
  5455
  4900
  4985
  5605
  5385
  5585
  5070
  5040
  5360
  5090
  5445
  5500
  5390
  4980
  5300
  5160
  5290
  5505
  5395
  5165
  5375
  5465
  5395
  4890
  5380
  5430
  5335
  5525
  4810
  5190
  5645
  5615
  4970
  5215
  5440
  5350
  5330
  5465
  5325
  5445
  5580
  5360
  5700
  5085
  5155
  5600
  5170
  5480
  5150
  5165
  5155
  5290
  5610
  5685
  5695
  5540
  4735
  5120
  5530
  5625
  5370
  5095
  5105
  5240
  5240
  5165
  5200
  5235
  5170
  5195
  5125
  5465
  5580
  5175
  5545
  4915
  5065
  5395
  5355
  5575
  5170
  5245
  5460
  5375
  4995
  5195
  5130
  5300
  5145
  5085
  5200
  5355
  5275
  5065
  5195
  5330
  5135
  5310
  5445
  5330
  5160
  5495
  5445
  5330
  5250
  5230
  4765
  5725
  5310
  5405
  5480
  5105
  4980
  5375
  5505
  5390
  5350
  5470
  5160
  5490
  5210
  5535
  5445
  5390
  5025
  5285
  5235
  4915
  5215
  5205
  5340
  5370
  5300
  5225
  5245
  5435
  5235
  5395
  5335
  5135
  5240
  5365
  5375
  5490
  5335
  5445
  5345
  5270
  5425
  5455
  5225
  5455
  4940
  5260
  5170
  5585
  4985
  5470
  5580
  5480
  5570
  5205
  5195
  5370
  5475
  5315
  5480
  5245
  4970
  5170
  5130
  5160
  5355
  5425
  5370
  5155
  5500
  5185
  4970
  5350
  5455
  5645
  5030
  5095
  5210
  5510
  5370
  5470
  5380
  5180
  5505
  5205
  5000
  5345
  5385
  5325
  5350
  5095
  5160
  5405
  5490
  5550
  5330
  5515
  5195
  5195
  5285
  5275
  5325
  5085
  5260
  5255
  5305
  5250
  5190
  5180
  5385
  5385
  5275
  5255
  5580
  5250
  5360
  5500
  5300
  5285
  5095
  4895
  5335
  5380
  5205
  5320
  5190
  5170
  5340
  5340
  5415
  5105
  5210
  5480
  5170
  5205
  5535
  5260
  5290
  5055
  5210
  5225
  5375
  5420
  5465
  5480
  5590
  5045
  5110
  5295
  5310
  5090
  5290
  5190
  5410
  5280
  5340
  5550
  5010
  5105
  5235
  5290
  5205
  4940
  5415
  5355
  5425
  5420
  5455
  5050
  4900
  5295
  5070
  5275
  5180
  5320
  5510
  4925
  5075
  5560
  5515
  5630
  5190
  5245
  5500
  5335
  5490
  4950
  5145
  5435
  5520
  5060
  5070
  5220
  5260
  4865
  5400
  5620
  4760
  5425
  5565
  5565
  4890
  5190
  5515
  5325
  4985
  5575
  5405
  5170
  5160
  5580
  4660
  5400
  5500
  5550
  4675
  5710
  5705
  4745
  5315
  5400
  4630
  5505
  5420
  4800
  5255
  5025
  4900
  5510
  5290
  4745
  5480
  5485
  5110
  5355
  5370
  4735
  5525
  5660
  4945
  5075
  5395
  4790
  5155
  5505
  4855
  5490
  5500
  4660
  5475
  5305
  4725
  5455
  5445
  5025
  5810
  4960
  5410
  5315
  4910
  5430
  5555
  4735
  5410
  5675
  4910
  5405
  5240
  5145
  5495
  4825
  5380
  5605
  4985
  5260
  5345
  4765
  5575
  4965
  5225
  5555
  4935
  5525
  4925
  5750
  4965
  5530
  5490
  4815
  5465
  5220
  5145
  5370
  5070
  5670
  4880
  5510
  5085
  5410
  5735
  4635
  5535
  4830
  5610
  4915
  5385
  5015
  5235
  5195
  5310
  5250
  5635
  5350
  5290
  5305
  4885
  5680
  4885
  5765
  5195
  4810
  5240
  4850
  5405
  4990
  5810
  4605
  5635
  5085
  5165
  5220
  5010
  5280
  5110
  4990
  5025
  5405
  5280
  5135
  5110
  5025
  5555
  4800
  5300
  4695
  5790
  5105
  5290
  5410
  4975
  5595
  5020
  5590
  5010
  5345
  4885
  5115
  5590
  4960
  5325
  4925
  5350
  4765
  5505
  5050
  4920
  5715
  4975
  5165
  5210
  4915
  5850
  4895
  5270
  5605
  4945
  5250
  5070
  4980
  5705
  4945
  5075
  5435
  4970
  5615
  5195
  5020
  5535
  4960
  5715
  5115
  5630
  5215
  4905
  5540
  4995
  5545
  5230
  4910
  5775
  5155
  5035
  5475
  4995
  5230
  5480
  5120
  4820
  5595
  4870
  5170
  5820
  4920
  5090
  5615
  4955
  5225
  5610
  5165
  5005
  5510
  5220
  4990
  5050
  5770
  4830
  5135
  5410
  5280
  4965
  5130
  5670
  5210
  5225
  5000
  5765
  5085
  4970
  5345
  5310
  4835
  5045
  5055
  5310
  5350
  5345
  5335
  5135
  4940
  5025
  5595
  5445
  5220
  5170
  5505
  5410
  5095
  5280
  4950
  4925
  5125
  5355
  5310
  5380
  4825
  5190
  5160
  5365
  5540
  5430
  5180
  4980
  4865
  5135
  5235
  5285
  5090
  5085
  5300
  5430
  5270
  5445
  5360
  5245
  5015
  5200
  5145
  5235
  5245
  5350
  5140
  5060
  5025
  5495
  5210
  5280
  5420
  5280
  4970
  4995
  5070
  5200
  5365
  5135
  5175
  5415
  5140
  5200
  4915
  5085
  5005
  5170
  5370
  5275
  5420
  5340
  5390
  5440
  5230
  4880
  4940
  5455
  5455
  5630
  4755
  4610
  4995
  5375
  5590
  5400
  4695
  4885
  5520
  5750
  4900
  4790
  5280
  5690
  5160
  4810
  5610
  5680
  4875
  4770
  5545
  5685
  5605
  4825
  5750
  5480
  4650
  5580
  5445
  4560
  5540
  5670
  4365
  5485
  5650
  4250
  5940
  5005
  5320
  5760
  4420
  5940
  3885
  5905
  5290
  4885
  5315
  5035
  5555
  4835
  5620
  4780
  5975
  4630
  5485
  4740
  5380
  4595
  6175
  4470
  6145
  4375
  5825
  4755
  5300
  5625
  4195
  6165
  4045
  5785
  4735
  5120
  5665
  4320
  6340
  4485
  5600
  5110
  4590
  6275
  4340
  5375
  5245
  4250
  6670
  4210
  5565
  5610
  4295
  6140
  4785
  4415
  6315
  4170
  4425
  7245
  4705
  4265
  5785
  6210
  4370
  4020
  5900
  6650
  4340
  4175
  5375
  6880
  4670
  4075
  4630
  6355
  6425
  4405
  4190
  4135
  6105
  6750
  5300
  4265
  4220
  4230
  5855
  6910
  5650
  4385
  4285
  4290
  6185
  6710
  4995
  3945
  4255
  6565
  6455
  4430
  4290
  4195
  5815
  6775
  5475
  4460
  4485
  4455
  5895
  6785
  5990
  4600
  3760
  4265
  4185
  4175
  4175
  4085
  4740
  5655
  6055
  6370
  6710
  6755
  6945
  6850
  6965
  6920
  6995
  7090
  7090
  6860
  7015
  7070
  5815
  5025
  4330
  4135
  5150
  6075
  6925
  6510
  5760
  4375
  4080
  4250
  5385
  6930
  5280
  4110
  4315
  6575
  5090
  4150
  6055
  5750
  4075
  4510
  6575
  4115
  5310
  5365
  4330
  6320
  4345
  4665
  6515
  4360
  4970
  5820
  4445
  6215
  4280
  6015
  4160
  6040
  4265
  5810
  4665
  5380
  5385
  4535
  5900
  4105
  5745
  4705
  5350
  5210
  4865
  5785
  4340
  5515
  4920
  4840
  5525
  5405
  4740
  5750
  4905
  5025
  5210
  4465
  5615
  4840
  4760
  5730
  4900
  4655
  5130
  5530
  5395
  4400
  5505
  5420
  4785
  4685
  5445
  5295
  5185
  4825
  5115
  5065
  4995
  5205
  5230
  5070
  4890
  4840
  5360
  5400
  5260
  4580
  4935
  5305
  5145
  5070
  5140
  4705
  4645
  5125
  5475
  5030
  5415
  5180
  4790
  4955
  5210
  5315
  5240
  5170
  4905
  5025
  5105
  4940
  5050
  5140
  5120
  4625
  4935
  5065
  5145
  5420
  4705
  4435
  5330
  5255
  5015
  4710
  4715
  5095
  5210
  5185
  5030
  5300
  5045
  5140
  4875
  5120
  5035
  5230
  5275
  5055
  4990
  4920
  5135
  5155
  5080
  5005
  4910
  4995
  5220
  5155
  5080
  5050
  5120
  5120
  4985
  5050
  5020
  5155
  5140
  5125
  5080
  4890
  5035
  5100
  4900
  5320
  5135
  4820
  4970
  5155
  5145
  4930
  5000
  5065
  4775
  4995
  5105
  5405
  5025
  4985
  4885
  5325
  5675
  5090
  4855
  4920
  5230
  5080
  4900
  4715
  5075
  5360
  5160
  5275
  5075
  5035
  5225
  4735
  5045
  5340
  5275
  5245
  5045
  4925
  5020
  4950
  4915
  5230
  4940
  4820
  4910
  5395
  5435
  4985
  4670
  4565
  5665
  5150
  4920
  5185
  5155
  4895
  5005
  4800
  5490
  4835
  4865
  4990
  5415
  4985
  4730
  4685
  5265
  5215
  4975
  5060
  5365
  4985
  4925
  4745
  4910
  5465
  4850
  4955
  4710
  5385
  4940
  4960
  4820
  5325
  5090
  4825
  5000
  5165
  4660
  5410
  5045
  4625
  4940
  5105
  5060
  4960
  4940
  5285
  5390
  5120
  5150
  4945
  5025
  5105
  4930
  5665
  5240
  5140
  4825
  5365
  4975
  4690
  5130
  5245
  4910
  5575
  4940
  5045
  5250
  5400
  4675
  5230
  5065
  5060
  5180
  4585
  4995
  5415
  4670
  4945
  5605
  5125
  4600
  5535
  5015
  5365
  5195
  4955
  5110
  5140
  4915
  4985
  5505
  4785
  4800
  5095
  5385
  5370
  5090
  4950
  5035
  4880
  4855
  5070
  5430
  5480
  4950
  4920
  4815
  4720
  4990
  5465
  5300
  5075
  5050
  4925
  4695
  5260
  5435
  5315
  4970
  5150
  4970
  4850
  5135
  4945
  5115
  5490
  4980
  4775
  4925
  4985
  5580
  5010
  4905
  5005
  5605
  4845
  4635
  4760
  5445
  4880
  5055
  5540
  4960
  4700
  5105
  5465
  5160
  4820
  4950
  4805
  4930
  5270
  5450
  5015
  4610
  4925
  5125
  5315
  4895
  5595
  4935
  4760
  5350
  4815
  4590
  5480
  5035
  5505
  4975
  4745
  5440
  4815
  4880
  5340
  4975
  4910
  4780
  5525
  4865
  5225
  5330
  4750
  5335
  5345
  4665
  4885
  4945
  5195
  5320
  4660
  5530
  4885
  5425
  4695
  5080
  4965
  5045
  4860
  4630
  4960
  5430
  4700
  5380
  4845
  5130
  5160
  4920
  5120
  4840
  5210
  4705
  5260
  4905
  5435
  4840
  5215
  5370
  5040
  5235
  5130
  4785
  4885
  5515
  4920
  4710
  5295
  5395
  4935
  4600
  5390
  4980
  5520
  5050
  5120
  5260
  4765
  5265
  5160
  4820
  4975
  5445
  5235
  4695
  5420
  4980
  5010
  4940
  5315
  4735
  5450
  4825
  5470
  4785
  5490
  4670
  5145
  4735
  5240
  4735
  5275
  4745
  5200
  4810
  4915
  5240
  5090
  5150
  4700
  5440
  4590
  5405
  5285
  4340
  5420
  5015
  5050
  5000
  5300
  4595
  5220
  5105
  4765
  5325
  5310
  4930
  4935
  5195
  4890
  4940
  5200
  5175
  4705
  5340
  4685
  5070
  5415
  4385
  5080
  5350
  4845
  5235
  5170
  4535
  4950
  5020
  5260
  4805
  4865
  5210
  5460
  4850
  4915
  5240
  5225
  5140
  4890
  5375
  5010
  4900
  5035
  4900
  5030
  4880
  5100
  5315
  4890
  4620
  4815
  5110
  5305
  5215
  5045
  5115
  4900
  5255
  4965
  5100
  5065
  4670
  4855
  5375
  5130
  5155
  5410
  5175
  4935
  4910
  5110
  5135
  5340
  4940
  5080
  4950
  5015
  4805
  4960
  5120
  5205
  5100
  4580
  5615
  4930
  5290
  5175
  5145
  5195
  5160
  4910
  4975
  5185
  4770
  4860
  5110
  5225
  5165
  5270
  4765
  4875
  4975
  4940
  5235
  5275
  5115
  4875
  5070
  5070
  5040
  4890
  4940
  4765
  5115
  5155
  5045
  4950
  4955
  4875
  5385
  4810
  5165
  5045
  5190
  5040
  5155
  4780
  5120
  5190
  5015
  5405
  4905
  4835
  4915
  5255
  4995
  5190
  4865
  4810
  5270
  5320
  4920
  5310
  4960
  4735
  5020
  5385
  5225
  4970
  4680
  4950
  5435
  4945
  5025
  5350
  4920
  4990
  5050
  5190
  5035
  4960
  4730
  5040
  5345
  4940
  5185
  5170
  4945
  5190
  5165
  4985
  4985
  5145
  5465
  4690
  5070
  5045
  4820
  5195
  5060
  4725
  5215
  4980
  4740
  5475
  5275
  4865
  5035
  5290
  4855
  5325
  4700
  5000
  4975
  4765
  5260
  5000
  5030
  4975
  4815
  5030
  5150
  5250
  5110
  4975
  4990
  4955
  4880
  5155
  5405
  4985
  4940
  5290
  5295
  4820
  4975
  4980
  5455
  4920
  4795
  5210
  5175
  5235
  4735
  4925
  5165
  5495
  4880
  4770
  5735
  4870
  4860
  5325
  5125
  5275
  4930
  4955
  5415
  4625
  5295
  5015
  4960
  5375
  4785
  5455
  4775
  4870
  5230
  4825
  5025
  5315
  5290
  4600
  4720
  5380
  4705
  4950
  5265
  4585
  5270
  4890
  4640
  5435
  5010
  5070
  4770
  5440
  4650
  5245
  4730
  5150
  4855
  5000
  5170
  4650
  5500
  4880
  5185
  5075
  5290
  4980
  5035
  5220
  5000
  5115
  4855
  4860
  5020
  4555
  5390
  4580
  5875
  4640
  5335
  5225
  4935
  5075
  5375
  4630
  5380
  4805
  5090
  5065
  4700
  5405
  4560
  5150
  5105
  4985
  4740
  4755
  4710
  5085
  5240
  5165
  4820
  5260
  5115
  5055
  4835
  4885
  5315
  4935
  4940
  4955
  5015
  5200
  5070
  5060
  4880
  4805
  5000
  5270
  5335
  4895
  4835
  5085
  5145
  5070
  5220
  5010
  4970
  4880
  5145
  5370
  5020
  5020
  5090
  5150
  5000
  4920
  4935
  4890
  4940
  4740
  4950
  4960
  4990
  5140
  4900
  4820
  4910
  5130
  5195
  4740
  5145
  5005
  5150
  5165
  5030
  5110
  4990
  4950
  4990
  4695
  5050
  5050
  4835
  4980
  5100
  5040
  5040
  5180
  4865
  4915
  4725
  4915
  5150
  5255
  4980
  5000
  4950
  5070
  5050
  4850
  4935
  4860
  5100
  5160
  5000
  5030
  4995
  5055
  4920
  5015
  4760
  5055
  5085
  5050
  4905
  5320
  5150
  4985
  4880
  5075
  4990
  4925
  5050
  5245
  5170
  5105
  5125
  4625
  5000
  5310
  5265
  5070
  5085
  4875
  5080
  4975
  5005
  5010
  4975
  5105
  4890
  4960
  4860
  5050
  5150
  5060
  5020
  4870
  5195
  5040
  4900
  5010
  5165
  4845
  4885
  4920
  4810
  5270
  5140
  5225
  4995
  5025
  4945
  4865
  4810
  4865
  5085
  5070
  5025
  5125
  5255
  5260
  4875
  4930
  4855
  4645
  5515
  5135
  4885
  5255
  5350
  4760
  4755
  5035
  4835
  5270
  5065
  4800
  4865
  5140
  5485
  5275
  4940
  4395
  5460
  4960
  5310
  5270
  5070
  4630
  5165
  5475
  4840
  5195
  4780
  5140
  5245
  5250
  4770
  4640
  5330
  4920
  5065
  4780
  5050
  5220
  4855
  4540
  5380
  4875
  4355
  5145
  5265
  4485
  4985
  5450
  4660
  5320
  5275
  4870
  4775
  5195
  4720
  4485
  5275
  4815
  4995
  4815
  5290
  4925
  4750
  4735
  5375
  4815
  4955
  5330
  5320
  4860
  4975
  5525
  4805
  5020
  5150
  4805
  5120
  5255
  5090
  4855
  5365
  5295
  4695
  5245
  4890
  5040
  5305
  4730
  5105
  5000
  5020
  4930
  4810
  5550
  4970
  4885
  4910
  5040
  5020
  4990
  5065
  5135
  5045
  5215
  4695
  5155
  4530
  5410
  4865
  5120
  4980
  5065
  5300
  4840
  5100
  4670
  5195
  5445
  4720
  4880
  4830
  4925
  5160
  4900
  5440
  4775
  5250
  4705
  5295
  4480
  5355
  4890
  4975
  4855
  5040
  5110
  4870
  5180
  4935
  4810
  5225
  5105
  4780
  4810
  4845
  4815
  4785
  5200
  4690
  5180
  4520
  5095
  4745
  5120
  4745
  5370
  4910
  4985
  5220
  4605
  5115
  5160
  4830
  5075
  4835
  4845
  5190
  4905
  5060
  4970
  5025
  4570
  5230
  4570
  5125
  4890
  5115
  4745
  5205
  4775
  4965
  4745
  5300
  4460
  5320
  4960
  5020
  5010
  5240
  4660
  5300
  5205
  4820
  5015
  4695
  5140
  5210
  4520
  5250
  5060
  4740
  5195
  5110
  4855
  5205
  4975
  5370
  4580
  5260
  5120
  4655
  5160
  5405
  4520
  5335
  4785
  5065
  5150
  4925
  4995
  5025
  5080
  4735
  5080
  5315
  4660
  5205
  5000
  5065
  4750
  4975
  5220
  4730
  5150
  4590
  5470
  4570
  4975
  5080
  4415
  4865
  5290
  5095
  4850
  4690
  5550
  4690
  4910
  4885
  5070
  5195
  5040
  4570
  5100
  5045
  4965
  4720
  4825
  5125
  4965
  4835
  5260
  4970
  4740
  5085
  5120
  4450
  4925
  5130
  5080
  5315
  4430
  5245
  4580
  5120
  5235
  4530
  5240
  5015
  4850
  4785
  4805
  5195
  4885
  4910
  5320
  4695
  5265
  4615
  5155
  4635
  5275
  4700
  4650
  5470
  5210
  5045
  4905
  4770
  5135
  4530
  5145
  5025
  4720
  5140
  5130
  4825
  5065
  4925
  5025
  5265
  4865
  4890
  5045
  4470
  5350
  5010
  4795
  4665
  5300
  4870
  5215
  5145
  4670
  4770
  5490
  4945
  4930
  4690
  5230
  5015
  4480
  5485
  4750
  4780
  4855
  5025
  4965
  4615
  5055
  5005
  4840
  4480
  5100
  5165
  4930
  5010
  5200
  4875
  4710
  5110
  5070
  4695
  5055
  5190
  4610
  5255
  5640
  4760
  5105
  4910
  5005
  4510
  5110
  4610
  5445
  5330
  4685
  5145
  4540
  5280
  4840
  4980
  5320
  4595
  5340
  5360
  4665
  5265
  4940
  4865
  5325
  4875
  5070
  5150
  4520
  5150
  4745
  5145
  5210
  5110
  4630
  5090
  4825
  4460
  5465
  4845
  4700
  5340
  5610
  4740
  5205
  5060
  4635
  5235
  5310
  4665
  5185
  5155
  4835
  5275
  5290
  4740
  5180
  5205
  4600
  5285
  5080
  4780
  5390
  4840
  5340
  5105
  4935
  5135
  4990
  4860
  5130
  4910
  5280
  4630
  5295
  4855
  5210
  5030
  5050
  5065
  5050
  5130
  4700
  4875
  5015
  4710
  4965
  4975
  4935
  5035
  4840
  5025
  4775
  5360
  4640
  5210
  5000
  5040
  4695
  5340
  4885
  4935
  5135
  4650
  5085
  4935
  4910
  5025
  4725
  5145
  5335
  4820
  5080
  4435
  4945
  4855
  4895
  4735
  4815
  4820
  5070
  4365
  5300
  4935
  5175
  4725
  5340
  5105
  4810
  4980
  4695
  5165
  4985
  4830
  5285
  4850
  4710
  5030
  5105
  5290
  5060
  5115
  4400
  4815
  4925
  5240
  4920
  4880
  5135
  4950
  4930
  4820
  4865
  5025
  5170
  5000
  4665
  4775
  5000
  4990
  4780
  4735
  5260
  5155
  5200
  4785
  4945
  4780
  4995
  5090
  4885
  5160
  4805
  4795
  4790
  5045
  5150
  4930
  5075
  5000
  5040
  4995
  4810
  5085
  5045
  4910
  5070
  4980
  4630
  4825
  5080
  4995
  4975
  5005
  4920
  4870
  4915
  4990
  4960
  4950
  5020
  4955
  4680
  4735
  4800
  4885
  5295
  4960
  4690
  4800
  4940
  4595
  4745
  4805
  4745
  5115
  5230
  5060
  4945
  5200
  4990
  4955
  4930
  4785
  4685
  5205
  4725
  4555
  5345
  4810
  5155
  5470
  4465
  5075
  4605
  5595
  4530
  4805
  4775
  5235
  5260
  4585
  5030
  4495
  5390
  4525
  5065
  4545
  5025
  5085
  4795
  5375
  4795
  4705
  5060
  4945
  5235
  4510
  4900
  4795
  5065
  5090
  4495
  4640
  5605
  4355
  5240
  4765
  5380
  4870
  4585
  5015
  4575
  5150
  4600
  4785
  4720
  5675
  4565
  5340
  4275
  4730
  5540
  4410
  4925
  5215
  4295
  4830
  5570
  4470
  4910
  4975
  4760
  5510
  4670
  4205
  5595
  5215
  4320
  4900
  5510
  4690
  4455
  5460
  4955
  4385
  4910
  5450
  4625
  4465
  5175
  4700
  5050
  4860
  4915
  4795
  5545
  4640
  4445
  5325
  4950
  4335
  5425
  4730
  5325
  4710
  4800
  4765
  5070
  5400
  4835
  4485
  5630
  5300
  4320
  4720
  5155
  4730
  5550
  4825
  4940
  4955
  4935
  4905
  5000
  4845
  5115
  4660
  5300
  4350
  5305
  4730
  5180
  5030
  4490
  4945
  5030
  5120
  4990
  4695
  5165
  4520
  5115
  4520
  5065
  4905
  4570
  4650
  4705
  4875
  5260
  4970
  5190
  4635
  4875
  4390
  5015
  4840
  5250
  4855
  3955
  4855
  4640
  4925
  4995
  5345
  4280
  4935
  5180
  5135
  4860
  3980
  5670
  4790
  4320
  5725
  4230
  4665
  5890
  3265
  6055
  4060
  5325
  5930
  3250
  4320
  6420
  4630
  4510
  6350
  5220
  3210
  3630
  4610
  4215
  3165
  3050
  3250
  2725
  3090
  3870
  4605
  6230
  6035
  3785
  3155
  4425
  5630
  5745
  4375
  3595
  5220
  5725
  3725
  5880
  3825
  5165
  5430
  3815
  6030
  3745
  5155
  5540
  4425
  5385
  4110
  5575
  4455
  5065
  4630
  5315
  4010
  3620
  5795
  5810
  3290
  4695
  5760
  3855
  4500
  6150
  4050
  4510
  5755
  3525
  6135
  4585
  4825
  5155
  3560
  5905
  5140
  3660
  6010
  4340
  4615
  5465
  4780
  4940
  4065
  5275
  5055
  4825
  5070
  4070
  4870
  5860
  3630
  4900
  6155
  4405
  3185
  5600
  5660
  3640
  5410
  5510
  3575
  5710
  3915
  4300
  6045
  3690
  5925
  4865
  3350
  5875
  5310
  3335
  5275
  5965
  3670
  5430
  5210
  3505
  6050
  5075
  3420
  4960
  6550
  5135
  4520
  4055
  2965
  2925
  2985
  3085
  3135
  4400
  6000
  5570
  3530
  3515
  5685
  4155
  5790
  3395
  5575
  4140
  6315
  4175
  5675
  3870
  5525
  5060
  3915
  5110
  5425
  4865
  4185
  5580
  5075
  3995
  5200
  5345
  4715
  4220
  5805
  4645
  4270
  4970
  4910
  5065
  5190
  4725
  4570
  5605
  4210
  5670
  3825
  5865
  3665
  5880
  4345
  5115
  5800
  3210
  4635
  6265
  5870
  4150
  3030
  5010
  6170
  5175
  3380
  4250
  5970
  6065
  4655
  2865
  4415
  6485
  6060
  4325
  3155
  5170
  6525
  5605
  4960
  4325
  3745
  3065
  2740
  3105
  3275
  4640
  5435
  6700
  5195
  2970
  2950
  4660
  6145
  6025
  4420
  3690
  5000
  5700
  4785
  3500
  4510
  5120
  5400
  6125
  6575
  6975
  6325
  6265
  6315
  5775
  4835
  3880
  3000
  3275
  3345
  4405
  5205
  5755
  5755
  5250
  4285
  5600
  4750
  5335
  4865
  4790
  4715
  5650
  4395
  5035
  4410
  5175
  5220
  4735
  5050
  5375
  5015
  4445
  4780
  4855
  4830
  4835
  4855
  4885
  4940
  4845
  5135
  4905
  5050
  4795
  4855
  4825
  4870
  4955
  4975
  4960
  4970
  5125
  4955
  4640
  4685
  4720
  5280
  4825
  4660
  4800
  4585
  4845
  5185
  5305
  4900
  4935
  4975
  4800
  4770
  4725
  4980
  4960
  4990
  4690
  4780
  5140
  4990
  4765
  5115
  5000
  4870
  5015
  5285
  4925
  4920
  4965
  5100
  5040
  5020
  4555
  4880
  4850
  4655
  4750
  5310
  5055
  4995
  5025
  4440
  4940
  5160
  4735
  5305
  5090
  4760
  5120
  4830
  5160
  4710
  4690
  5015
  5070
  5125
  4945
  4435
  4730
  5095
  4705
  4940
  4840
  5045
  4770
  4655
  5600
  4380
  4950
  5135
  4335
  5000
  5370
  4275
  4775
  5445
  4525
  4885
  4780
  4875
  4955
  4550
  4785
  4655
  4895
  5355
  4695
  5260
  4530
  5360
  4860
  5270
  4935
  4955
  5150
  4755
  5080
  5100
  5100
  4695
  4775
  4925
  4670
  5245
  4580
  5435
  4775
  4990
  4560
  5645
  4870
  5205
  5160
  5250
  4805
  5035
  5130
  4695
  5060
  5245
  4265
  5160
  4940
  4940
  4605
  4975
  4865
  5380
  4945
  4640
  5005
  5285
  4810
  4910
  4895
  4720
  4840
  5135
  4800
  5065
  5175
  4775
  5215
  5105
  5085
  5190
  5190
  4725
  4775
  5190
  4815
  5000
  5010
  4825
  4930
  5090
  5115
  5020
  4935
  4885
  5090
  5325
  5385
  4885
  5065
  4675
  5280
  5105
  4835
  5055
  4905
  5510
  4515
  4960
  4885
  5165
  5080
  5485
  5095
  5305
  5005
  4730
  5345
  4935
  4680
  5010
  5060
  5165
  5065
  4860
  4975
  4880
  4510
  5770
  4930
  4370
  4980
  6740
  6055
  5255
  5590
  5730
  5770
  5985
  5980
  5385
  5365
  5950
  5680
  4955
  5425
  5750
  4925
  6115
  5110
  5020
  5575
  6215
  5340
  6190
  5485
  5245
  5600
  5820
  4985
  5650
  5385
  5630
  6045
  5695
  5715
  5660
  5250
  5665
  5185
  5980
  5720
  5045
  5555
  5555
  5640
  6975
  5285
  5555
  5745
  5020
  5390
  5935
  5840
  5765
  5375
  5480
  5910
  5860
  5190
  5215
  5450
  4890
  5635
  5820
  5690
  5510
  5690
  5455
  5575
  5430
  5400
  5430
  5590
  5600
  5960
  5800
  5505
  5960
  5495
  5675
  5860
  5760
  5460
  5275
  5680
  5355
  5325
  5415
  5585
  5215
  5300
  5220
  5880
  5700
  5435
  5800
  5510
  5305
  5670
  5515
  5615
  5615
  5315
  5210
  5250
  5970
  5065
  5305
  5210
  5605
  5930
  5310
  5310
  5480
  5215
  5090
  5100
  5490
  5780
  4820
  5485
  5720
  4995
  5950
  5610
  5370
  5890
  5320
  5375
  5405
  5470
  5440
  5560
  5155
  5565
  5620
  5705
  5345
  5465
  4985
  5720
  5300
  5220
  5625
  5315
  5895
  5315
  5780
  5515
  5615
  5930
  5715
  5165
  5765
  5655
  5705
  5625
  5690
  5495
  5935
  5885
  5810
  5500
  5645
  5415
  5655
  5370
  5620
  5640
  5630
  5555
  5455
  5640
  5690
  5510
  5415
  5745
  5535
  5630
  5935
  5465
  5795
  5110
  6110
  5185
  5260
  5615
  5695
  5575
  5530
  5525
  5345
  5825
  5480
  5825
  5315
  5995
  5075
  5635
  5680
  5365
  5445
  6375
  5510
  5665
  5515
  5885
  5440
  5845
  5715
  5305
  5650
  5375
  6045
  5295
  5855
  5340
  5805
  5675
  5265
  5440
  5810
  5200
  5375
  5900
  5295
  5675
  5600
  5745
  5955
  5940
  5315
  6035
  5240
  5695
  6020
  5585
  5665
  5440
  5765
  5620
  5540
  5770
  5285
  5355
  6050
  5765
  5385
  5550
  5820
  5765
  5620
  5800
  5975
  5825
  5330
  5675
  5535
  5990
  5505
  5570
  5935
  5690
  5470
  5860
  5785
  5760
  5675
  6005
  5415
  5310
  5485
  6145
  5635
  5870
  5835
  5620
  5655
  5260
  5660
  5750
  5795
  5700
  5735
  5870
  5900
  5695
  6100
  5245
  5920
  5550
  5610
  5685
  5540
  5750
  5885
  5855
  5445
  5455
  5945
  5145
  5840
  5315
  5900
  5545
  5470
  6075
  5740
  5310
  5735
  5360
  5710
  5395
  5300
  5540
  5740
  5255
  5825
  5430
  5755
  5595
  5545
  5485
  5475
  5485
  5085
  5620
  5545
  5810
  5725
  5775
  5315
  5105
  5900
  5460
  5465
  5770
  5615
  5730
  5310
  5760
  5810
  5135
  5390
  5735
  5905
  5960
  5435
  5745
  5550
  5460
  5710
  5630
  5145
  6210
  5275
  5680
  5860
  5690
  5490
  6165
  5965
  5435
  5855
  5960
  5485
  5705
  5875
  5205
  6030
  5710
  5915
  5905
  5485
  5480
  5950
  5885
  5630
  5695
  5930
  5430
  5555
  5955
  5465
  5640
  5385
  5820
  5295
  5480
  4995
  5580
  5925
  5550
  5930
  5350
  5855
  5375
  4830
  5685
  5930
  5105
  5065
  5950
  5290
  5470
  5305
  5945
  5570
  5910
  5190
  5670
  5785
  5235
  5955
  5470
  6045
  5110
  5840
  5750
  5325
  5670
  5700
  5600
  5510
  5545
  5370
  5735
  5320
  5105
  4980
  5475
  5460
  5715
  5655
  5140
  6025
  5635
  5080
  5495
  5340
  5305
  5565
  5850
  5580
  5595
  5725
  5390
  5645
  5470
  5190
  5925
  5550
  5465
  5780
  5645
  5555
  6070
  5500
  5345
  5780
  5490
  6015
  5475
  4890
  5370
  5835
  5850
  5510
  5255
  5290
  5660
  5615
  5405
  5375
  5880
  5655
  5425
  5355
  5315
  5035
  5790
  5890
  5230
  6325
  5395
  6080
  5690
  5850
  5705
  5345
  5615
  5125
  5830
  5475
  5600
  5195
  5655
  5585
  5385
  5545
  5965
  5665
  5765
  5005
  5795
  5680
  5755
  5580
  5215
  5205
  5840
  5165
  5670
  5760
  5390
  5580
  5710
  5830
  5190
  5025
  4880
  5760
  5255
  5220
  5515
  5585
  5925
  5240
  5590
  5625
  5505
  5270
  5480
  5315
  6085
  5475
  5150
  5385
  5865
  5570
  5990
  5305
  5705
  5395
  5650
  5655
  5515
  5280
  5295
  5770
  5710
  6050
  5715
  5905
  5755
  5780
  5465
  5410
  5045
  5585
  5380
  5325
  5690
  5885
  5745
  5470
  5995
  4895
  6295
  5505
  5870
  5345
  5295
  5915
  5365
  5710
  5415
  5860
  5730
  5555
  5495
  5300
  5510
  5880
  6130
  6055
  5575
  5685
  5750
  5470
  5450
  5960
  5675
  6460
  5400
  5620
  5720
  5215
  5950
  5610
  5775
  5650
  5800
  5655
  5650
  5975
  5605
  5730
  5820
  5680
  6055
  5590
  5875
  5165
  5530
  5685
  5485
  5965
  5830
  5360
  5520
  5300
  5745
  5695
  5470
  5520
  5225
  6040
  5665
  5615
  5825
  5855
  5610
  5900
  5830
  6050
  5625
  5890
  5770
  5840
  5720
  5630
  5850
  5965
  5525
  5500
  5765
  5185
  5700
  5735
  5870
  5590
  5470
  5755
  5325
  5115
  5690
  6115
  5170
  5450
  5485
  5415
  5035
  5595
  5620
  5755
  6165
  5425
  5650
  4965
  5480
  5545
  5640
  5525
  5345
  6025
  4955
  5585
  5795
  5755
  5690
  5775
  5485
  5160
  5755
  5205
  5760
  6010
  5965
  5560
  5905
  5495
  5485
  5500
  5885
  5270
  5660
  5740
  5840
  4910
  6445
  5910
  6440
  5875
  5940
  5510
  5840
  5715
  5985
  5705
  5520
  5495
  6090
  5820
  6385
  5770
  5545
  6050
  5460
  5680
  6110
  5805
  5935
  5105
  5815
  5355
  5875
  5465
  5870
  5605
  5600
  5630
  5820
  5730
  5850
  5555
  5865
  5735
  5760
  5705
  5395
  5405
  6250
  5660
  5450
  5925
  5015
  5545
  5290
  6010
  5825
  5700
  6245
  5760
  5815
  6190
  5250
  5995
  5670
  5935
  5810
  5585
  5660
  5595
  5770
  5725
  5650
  5370
  5810
  6045
  5380
  5860
  5560
  5550
  6145
  5955
  5725
  6020
  5820
  5660
  6015
  5780
  5695
  5840
  5650
  5465
  5895
  5530
  5745
  5580
  5125
  5700
  5730
  5695
  6535
  5580
  6135
  6190
  5905
  5980
  5705
  5800
  5390
  6075
  5490
  5530
  5490
  5775
  4920
  5785
  5535
  5720
  6010
  6180
  5990
  5620
  6040
  5790
  6220
  5315
  5645
  5225
  5125
  5585
  5620
  5210
  5530
  6035
  6255
  5145
  5380
  5735
  5695
  5280
  5700
  4980
  5440
  5660
  5150
  6295
  5660
  5835
  5210
  6110
  5630
  5265
  5260
  5910
  5620
  6195
  5675
  5395
  5260
  6145
  5650
  5245
  5310
  5565
  5380
  6350
  5300
  5775
  5555
  5945
  6385
  5750
  5730
  5515
  5695
  6015
  5365
  5880
  5510
  5835
  5830
  5220
  5885
  5225
  5995
  5500
  5825
  5320
  6170
  5550
  5445
  5605
  5705
  5460
  6065
  5660
  5800
  5810
  6025
  6235
  5605
  5385
  6130
  5890
  5930
  5685
  5675
  5820
  5655
  6015
  5345
  6205
  5690
  5485
  5650
  5400
  5800
  5145
  5555
  6090
  5770
  5760
  6030
  5560
  6065
  5540
  5755
  5625
  5875
  5835
  5245
  5475
  5565
  5645
  5690
  5775
  5760
  5510
  6010
  5555
  5825
  5745
  5680
  5930
  5835
  6035
  5355
  6075
  5340
  5275
  5720
  5835
  5445
  5965
  5275
  5985
  6210
  5690
  6145
  5965
  5440
  5645
  6215
  5900
  5460
  5580
  5900
  5850
  5710
  6225
  5270
  5790
  6365
  5405
  5760
  5630
  6010
  6125
  5795
  5885
  6275
  5860
  5605
  6265
  5535
  6155
  5525
  5860
  5820
  5720
  5335
  5260
  5350
  5470
  5430
  5660
  5555
  5955
  5980
  5520
  5180
  5660
  5330
  5380
  5895
  5620
  5480
  5925
  6335
  6250
  5495
  5515
  5410
  5770
  5565
  5590
  5490
  5610
  5665
  5775
  5600
  5625
  6040
  5930
  5325
  6270
  5055
  5935
  6175
  5935
  5875
  5680
  5650
  5695
  5840
  6120
  6090
  6110
  6045
  5795
  5920
  5950
  6075
  5915
  6270
  6185
  5460
  5670
  5865
  5715
  5210
  5085
  5530
  6015
  6345
  5740
  5615
  5335
  5845
  5375
  5945
  5860
  5905
  6060
  5845
  5160
  5650
  5635
  6070
  6355
  5810
  6230
  5950
  6120
  5635
  5910
  5720
  5570
  6515
  5825
  5640
  5630
  5795
  5885
  6000
  5525
  6110
  5930
  5760
  5795
  5885
  5420
  5965
  6020
  5925
  5505
  5890
  5820
  5520
  5325
  5940
  5580
  5560
  5760
  5595
  5775
  6075
  5630
  5685
  5370
  5665
  5340
  5720
  5885
  5925
  5680
  5890
  5730
  5640
  6035
  5950
  5885
  6395
  5740
  5940
  5450
  5830
  5405
  5555
  5695
  6055
  5910
  6460
  5705
  6295
  5955
  6450
  5685
  6270
  6040
  5865
  6210
  5655
  5965
  5495
  5925
  5855
  6280
  6410
  6215
  5220
  5825
  5590
  5335
  5690
  5665
  6075
  5860
  5665
  6180
  5585
  6005
  5945
  6205
  5850
  5960
  5640
  5380
  6515
  5400
  5930
  5665
  5015
  6045
  5960
  5740
  5630
  6045
  6085
  5965
  5755
  6000
  5655
  5635
  6435
  5590
  6355
  5825
  5780
  6005
  5345
  5865
  6135
  6860
  6260
  5040
  5970
  5820
  5580
  5370
  5585
  6090
  6030
  5935
  6390
  5480
  5865
  5275
  6035
  6095
  5970
  5955
  6225
  5410
  6015
  5620
  5385
  6690
  6440
  6015
  6120
  6025
  5825
  5985
  5875
  6255
  5925
  5935
  5890
  6140
  6140
  6115
  5990
  5865
  5205
  5975
  5720
  5645
  6310
  5715
  5565
  5935
  6130
  6135
  5825
  5895
  6060
  6020
  6025
  5465
  5730
  5980
  5590
  5765
  6340
  5665
  6085
  5790
  5885
  5825
  5590
  6005
  6020
  5795
  6115
  6370
  5630
  5970
  5760
  6080
  5820
  6105
  6075
  5805
  5885
  5630
  5600
  6065
  5930
  6090
  5780
  5445
  5580
  5960
  5685
  5875
  6185
  5325
  6010
  5615
  6345
  5880
  6430
  6060
  5690
  6050
  6450
  5990
  5455
  5430
  6215
  6220
  6070
  5335
  6020
  5655
  5995
  5860
  6290
  5815
  6520
  5615
  6175
  5775
  5900
  5795
  5570
  6355
  6125
  5250
  6115
  5825
  5750
  5585
  5435
  6400
  5500
  5235
  5490
  6005
  5985
  6125
  6145
  5935
  6230
  5700
  6005
  6515
  5560
  5855
  5910
  6055
  5895
  6095
  6225
  5685
  5945
  5985
  6190
  5585
  5850
  5855
  6075
  5230
  5485
  5360
  6185
  5330
  5550
  5765
  6155
  5755
  6715
  5900
  5835
  6320
  6025
  5485
  6065
  5810
  5980
  5715
  5385
  6025
  5645
  5770
  6190
  6165
  5680
  6445
  6315
  5830
  6140
  5790
  5755
  6040
  5710
  5930
  5980
  5210
  6065
  6195
  6045
  5850
  5645
  5715
  6795
  5880
  5950
  5635
  5935
  5490
  5860
  5755
  5715
  6040
  6305
  5900
  6190
  6020
  5830
  5785
  6020
  5640
  6150
  6030
  5375
  5940
  5335
  5685
  5935
  5945
  6170
  5940
  5280
  6175
  6095
  5650
  6015
  5880
  6225
  5535
  6055
  5645
  6745
  5905
  5810
  6140
  5890
  6240
  5725
  6235
  6260
  6080
  6265
  5805
  6070
  6315
  5995
  5630
  5645
  6385
  5930
  5985
  5870
  6210
  5865
  5790
  5650
  5920
  6015
  5855
  6245
  5365
  6180
  5525
  6035
  6090
  5790
  6050
  5855
  5985
  6170
  5480
  6000
  6345
  5930
  5805
  6430
  6125
  5800
  5680
  5810
  5875
  6225
  5990
  5835
  5685
  6015
  6280
  6010
  6340
  5545
  6180
  5515
  5845
  6345
  6100
  6185
  6280
  5935
  6275
  6020
  6010
  6000
  5850
  6240
  5865
  6100
  5345
  6470
  6205
  5660
  6015
  6310
  6055
  6240
  5950
  6215
  6120
  6075
  5990
  5670
  6375
  5865
  6450
  5970
  6330
  6400
  6745
  6075
  6170
  6610
  5840
  5760
  6350
  5985
  5545
  5870
  5865
  5890
  6400
  6170
  6455
  5660
  6335
  5930
  6170
  5735
  5500
  6025
  5735
  6275
  5680
  5785
  6130
  6525
  5880
  6065
  5920
  5335
  5770
  6045
  5905
  6040
  5890
  5890
  5995
  5815
  5865
  5910
  6055
  6500
  5830
  6215
  5850
  5935
  6555
  6225
  5325
  6060
  6000
  6165
  5735
  6125
  7000
  6390
  5670
  6210
  6295
  6060
  5910
  6110
  6085
  5735
  6090
  6460
  6355
  6245
  6310
  6085
  5940
  6455
  6240
  6205
  5335
  5465
  5665
  5900
  5980
  5495
  5845
  5970
  6295
  6285
  6315
  6225
  6015
  6175
  6500
  6175
  6410
  5830
  6165
  6150
  5665
  6625
  6195
  6415
  6415
  6075
  6395
  6495
  6180
  6160
  5885
  5060
  6275
  6530
  6380
  6540
  5610
  6030
  6095
  6005
  5725
  6315
  6250
  5620
  6010
  6470
  5705
  6055
  6245
  6045
  6030
  5820
  5960
  5945
  6200
  5765
  5730
  5775
  5595
  5435
  5965
  6590
  5985
  6100
  6260
  6040
  5735
  6505
  5695
  6185
  5945
  6345
  5980
  6295
  6305
  5885
  6375
  6470
  5850
  5880
  6180
  6080
  6235
  6060
  6270
  5645
  5985
  5945
  6245
  6080
  5195
  5930
  6400
  5705
  5800
  6420
  6815
  6050
  6320
  6375
  6105
  6155
  6095
  6380
  5805
  5795
  6380
  6375
  6280
  5855
  5980
  6290
  5880
  6675
  6135
  6030
  5685
  6110
  5790
  6425
  6070
  5925
  5735
  5865
  6335
  6490
  5670
  5920
  5685
  6480
  6020
  6135
  6435
  6125
  6035
  6185
  6130
  5485
  6350
  5955
  6270
  6060
  6115
  5905
  6125
  6200
  5925
  6225
  6240
  5910
  5255
  6025
  4990
  5825
  5500
  6255
  5640
  5600
  5350
  5865
  6335
  5345
  6240
  5540
  6415
  6100
  6740
  6125
  6310
  5500
  6520
  5735
  6360
  5950
  6320
  6310
  5930
  5845
  6120
  5605
  6440
  5730
  6235
  6165
  6080
  5625
  5875
  6420
  6000
  6060
  6410
  5720
  5990
  6200
  6015
  5965
  6210
  6065
  5905
  6050
  6020
  5985
  5850
  5630
  6505
  5700
  6170
  6250
  5490
  6590
  6090
  5400
  5935
  6245
  6320
  5940
  5915
  5835
  6240
  6035
  6505
  6285
  6005
  5980
  6310
  6690
  6295
  6275
  6010
  5985
  5930
  6430
  5795
  5875
  5980
  6260
  5515
  5980
  6065
  5580
  6135
  5950
  5885
  5635
  6485
  6515
  6190
  5830
  5800
  5085
  6000
  5465
  5865
  6020
  5550
  6070
  6425
  6175
  5970
  6265
  5920
  5895
  6355
  6085
  5845
  6170
  5875
  6140
  5670
  6250
  6110
  5855
  6410
  5845
  5370
  6440
  5965
  6175
  5935
  6235
  5750
  5935
  5945
  6530
  5910
  6130
  6215
  5990
  5895
  6215
  6425
  5890
  6055
  6080
  6060
  6455
  6250
  6255
  5715
  6035
  5775
  5820
  5740
  6290
  5725
  5655
  5975
  5680
  6245
  5995
  5815
  6090
  5715
  6490
  6045
  6160
  6030
  5640
  6520
  5475
  5925
  6075
  6035
  6315
  5760
  6165
  6035
  5725
  5980
  6245
  6640
  5930
  5480
  6075
  5570
  6210
  5850
  6290
  5725
  6355
  5730
  6300
  6385
  6140
  6425
  5890
  6345
  6035
  6250
  6495
  6075
  6255
  6480
  5790
  6025
  6065
  6530
  6645
  6130
  5810
  6505
  5825
  6085
  6065
  6365
  5870
  5995
  5810
  5760
  6615
  6055
  5825
  6780
  5765
  6095
  5960
  5895
  6175
  6055
  5880
  5805
  6100
  5855
  6210
  6280
  6295
  6110
  5970
  5910
  6140
  6010
  5525
  5885
  6700
  6305
  6030
  5875
  6360
  6365
  5785
  6130
  6085
  6210
  6045
  6060
  6290
  5705
  6525
  5845
  5765
  6270
  6465
  5920
  5655
  5805
  6205
  5825
  5855
  6100
  6090
  5770
  5980
  5805
  6195
  5940
  5725
  5800
  5990
  6215
  6145
  5810
  6055
  6100
  6375
  5705
  6380
  6275
  6205
  5995
  6100
  5770
  5750
  5665
  5925
  5630
  5895
  5840
  6415
  6065
  5810
  5665
  6070
  6115
  6520
  6295
  5925
  5900
  5975
  5145
  6360
  6035
  6445
  5950
  5375
  6300
  5715
  5330
  5515
  5730
  6445
  6080
  6215
  6155
  6160
  5690
  5800
  6750
  6230
  5850
  5980
  5890
  6310
  5670
  5560
  5740
  5930
  5900
  6320
  6260
  5965
  5460
  6025
  5655
  6060
  5760
  6245
  5555
  6075
  6115
  6400
  5955
  6070
  6290
  6130
  6220
  5985
  6185
  5970
  5845
  5970
  6095
  6075
  5885
  5780
  6050
  6005
  6495
  6100
  6260
  5760
  6040
  5665
  5915
  5995
  6365
  5935
  5720
  5700
  6530
  5620
  6370
  6260
  5830
  5415
  5945
  6130
  5790
  5890
  6060
  6015
  5735
  5845
  6200
  6025
  6185
  5845
  6645
  6440
  6035
  6050
  6025
  5995
  5980
  6345
  5525
  6395
  5925
  6175
  6235
  6180
  5765
  6210
  6315
  6040
  6065
  6110
  6240
  6225
  6015
  5410
  6135
  6150
  5625
  5845
  6330
  5980
  6405
  6110
  5785
  6240
  6105
  5365
  6710
  5920
  5960
  6080
  6125
  5960
  6150
  5760
  5980
  6140
  6010
  6700
  5940
  5795
  5925
  6395
  5515
  5875
  6415
  5745
  6180
  6460
  5820
  6195
  5765
  5630
  5915
  5675
  5710
  6180
  5720
  5920
  5985
  5980
  6220
  6100
  6355
  6500
  6030
  6060
  6050
  6265
  5870
  6055
  5875
  6215
  5750
  6055
  6375
  5855
  5915
  6300
  6055
  5975
  5570
  5885
  5745
  6325
  6190
  6160
  6400
  5945
  6250
  6265
  5730
  5765
  6490
  6200
  6045
  5955
  5570
  6060
  6085
  6115
  5710
  6025
  5925
  6010
  5545
  6310
  6090
  6255
  5855
  5730
  4505
  8185
  6395
  8470
  4845
  6505
  6530
  5915
  5775
  6210
  6020
  6145
  5840
  6205
  5450
  6555
  7220
  5055
  5740
  6070
  7425
  6475
  6165
  6400
  6085
  6365
  5885
  6025
  6000
  5330
  6665
  5885
  6050
  5200
  6360
  6065
  5870
  6025
  5880
  5580
  6255
  5945
  6120
  6300
  6255
  6310
  6310
  6060
  6495
  5845
  5900
  6075
  5775
  6170
  6290
  6510
  5890
  6015
  5820
  5590
  6445
  5765
  6230
  6115
  5535
  6375
  6375
  6475
  6315
  6505
  5895
  5630
  6275
  6590
  6035
  5780
  6010
  6310
  5660
  5980
  6105
  6210
  6335
  6310
  6155
  6080
  6140
  5840
  6425
  6210
  5645
  5790
  6160
  6450
  5840
  6190
  6050
  6135
  6400
  5945
  5800
  6375
  6155
  5515
  5975
  6280
  6360
  5835
  7000
  5635
  5725
  5915
  6330
  6170
  6270
  6770
  5750
  5280
  6085
  5960
  6190
  6090
  5720
  5765
  6105
  6005
  5630
  6290
  5480
  5710
  5160
  5750
  6015
  5690
  6315
  5885
  5860
  4905
  6690
  6355
  5740
  6240
  5835
  6405
  6455
  5870
  5985
  6295
  6405
  6135
  6210
  5975
  7365
  5420
  6840
  6355
  6380
  6205
  6505
  5440
  7035
  5480
  6335
  6430
  6110
  6265
  6140
  6090
  6520
  5985
  6610
  6165
  6845
  6795
  5860
  6185
  6460
  6315
  6765
  6060
  5800
  5980
  6120
  5985
  5350
  8170
  5990
  6160
  6170
  5885
  6340
  6615
  6155
  6655
  5475
  6715
  6180
  6135
  6510
  6305
  6045
  6325
  6705
  5875
  5820
  6385
  6115
  6120
  6225
  6055
  6335
  5975
  6370
  5625
  5845
  5855
  6475
  6065
  6075
  6195
  6520
  6365
  6085
  6220
  6015
  5700
  6380
  5875
  5495
  6370
  6475
  6260
  6555
  5215
  4975
  6425
  4150
  5105
  6570
  6300
  6405
  6360
  6400
  6680
  5740
  6565
  6030
  6290
  6380
  5805
  6340
  6030
  5600
  6695
  5760
  6230
  5760
  6465
  6055
  6430
  6030
  6650
  5540
  5170
  7085
  6595
  6520
  5795
  6255
  5675
  6280
  6445
  5920
  6165
  5975
  6045
  6535
  5720
  6325
  6060
  6155
  5860
  6005
  5645
  6195
  6285
  6140
  6360
  6015
  6340
  5760
  6030
  6265
  6285
  6280
  6175
  6175
  6405
  6035
  6310
  6080
  6095
  6655
  5930
  6290
  6120
  5925
  5960
  6590
  5805
  6250
  6525
  6355
  6055
  6185
  6480
  6275
  5875
  6225
  6230
  6135
  6225
  6060
  5970
  5860
  6520
  6300
  6370
  5990
  5330
  6315
  5865
  6160
  6380
  6000
  6425
  6010
  6320
  6295
  6085
  6345
  5965
  6360
  6190
  6555
  5795
  6215
  5940
  6105
  6525
  6285
  5995
  5905
  6080
  6260
  6195
  6130
  6170
  5995
  6140
  6545
  5695
  5400
  6975
  5975
  6290
  6270
  6485
  6200
  6415
  6035
  5750
  5815
  5865
  6215
  5820
  6470
  6005
  6025
  6250
  4430
  6730
  6470
  6110
  5430
  5805
  6090
  6545
  6170
  6070
  4320
  6500
  6200
  6070
  6355
  5855
  6475
  6165
  6120
  6205
  6540
  5720
  6355
  5985
  6075
  6495
  6020
  6185
  5795
  5955
  6640
  6095
  5855
  5790
  5625
  6155
  5875
  5915
  6045
  5895
  6035
  5965
  6500
  6215
  5860
  6150
  6125
  5975
  5950
  6085
  5975
  5845
  6325
  5725
  6860
  6575
  6430
  5775
  6050
  6285
  5720
  6140
  5915
  6355
  5910
  6125
  6290
  6035
  6345
  5840
  5760
  5695
  5985
  6290
  6305
  6030
  6150
  5990
  5995
  5740
  6305
  6170
  6045
  6030
  6020
  6165
  5790
  6325
  6235
  5850
  6195
  6210
  6260
  6450
  5965
  6085
  6550
  6360
  5635
  6630
  5520
  6915
  6370
  5600
  6545
  5710
  4275
  5565
  6815
  6615
  5605
  6240
  6290
  6265
  5860
  6560
  6510
  6115
  6520
  6190
  6545
  5865
  6400
  6145
  6205
  6535
  6235
  6120
  6030
  6110
  6170
  5990
  6350
  6385
  6530
  6080
  5805
  5935
  5640
  6255
  5835
  6170
  5650
  6030
  5715
  5910
  5790
  5795
  6475
  6365
  6245
  6125
  6030
  6760
  5965
  6325
  6005
  6160
  5895
  6510
  6110
  6010
  6100
  6780
  6010
  6115
  5610
  6275
  5850
  6575
  6010
  5595
  6190
  6060
  5915
  6020
  5870
  6380
  5990
  5850
  6130
  6425
  6430
  6085
  5825
  6105
  5890
  5445
  6195
  6205
  6035
  5980
  6085
  6465
  5745
  6345
  6075
  5920
  6110
  5815
  5850
  5820
  6470
  5780
  5470
  6510
  4105
  6665
  6060
  6130
  5155
  5775
  5845
  6225
  5815
  5695
  6720
  6185
  6050
  5960
  5825
  5925
  5790
  5910
  6630
  6645
  6225
  6545
  5840
  5840
  5940
  5795
  6660
  5520
  5785
  6065
  6385
  5450
  6240
  6185
  4815
  6350
  7010
  6085
  6045
  6235
  6130
  6100
  6375
  6095
  6295
  6280
  6250
  6345
  5815
  6355
  5165
  5825
  5800
  5985
  6210
  6525
  6015
  6325
  6110
  5855
  6425
  5770
  6035
  6320
  6490
  6215
  5905
  6035
  5965
  6685
  6060
  6465
  5880
  6330
  6075
  5950
  6295
  6065
  6080
  5510
  6450
  6100
  6235
  5155
  4765
  6570
  6220
  6105
  6025
  6435
  5620
  6375
  6220
  6015
  6355
  6180
  6760
  6575
  5960
  6470
  5915
  6270
  6155
  6750
  6070
  6440
  5835
  6670
  6385
  6620
  5830
  6460
  6190
  6765
  6000
  6565
  5690
  6095
  6070
  6265
  6525
  6170
  5975
  6405
  6180
  5760
  6535
  6430
  6175
  5950
  5845
  6000
  7030
  6175
  6035
  6540
  6210
  6670
  5975
  5925
  5920
  5830
  6670
  5515
  6235
  6440
  7000
  6460
  6065
  6350
  6365
  6670
  5775
  6320
  6335
  6530
  6140
  5795
  6185
  5740
  6385
  5785
  6115
  5840
  5980
  6195
  6215
  6235
  6220
  6505
  6125
  5855
  6200
  6240
  6785
  6265
  5855
  6485
  6475
  5830
  6155
  5720
  5870
  6830
  6615
  6260
  6235
  6265
  6270
  6710
  5860
  6085
  5845
  6095
  6430
  5995
  3945
  6485
  6065
  6140
  6205
  6720
  5785
  7205
  7310
  6320
  6285
  6265
  6680
  5970
  5885
  6330
  6140
  4065
  6660
  6495
  6420
  5550
  6895
  6215
  6780
  5855
  4745
  6220
  6380
  5155
  6190
  7560
  6210
  6375
  5965
  6025
  6510
  6205
  6365
  6435
  6375
  6250
  6100
  6610
  5860
  6370
  7305
  5420
  6615
  6695
  6155
  4955
  5400
  5895
  5930
  6230
  6405
  6260
  5315
  4895
  6515
  6995
  5975
  6310
  6575
  5745
  6465
  6405
  6020
  6085
  6225
  6520
  5920
  6405
  6180
  6210
  5515
  6750
  6305
  5755
  5675
  6575
  5935
  6165
  5845
  5940
  6180
  6270
  6090
  6205
  6095
  6180
  6330
  5915
  6575
  6170
  6485
  6045
  5510
  6295
  6125
  6060
  6095
  5710
  5780
  5935
  6380
  6190
  6350
  6240
  6610
  6280
  6120
  5625
  7100
  5950
  5065
  5725
  6165
  6315
  6700
  5925
  6120
  4510
  6160
  6300
  5700
  4460
  6620
  5165
  6465
  6625
  6110
  6060
  5350
  5090
  4470
  6415
  6070
  5820
  7115
  6295
  5225
  6915
  5275
  7220
  6360
  6255
  5400
  6310
  5840
  6360
  4650
  6425
  5060
  5535
  5895
  7040
  7040
  5830
  7945
  6680
  6675
  6155
  5680
  5880
  5160
  6470
  6535
  5455
  6555
  6680
  6220
  6660
  6025
  5460
  5310
  6415
  7075
  5640
  6240
  6905
  6475
  6665
  6325
  5850
  5850
  6210
  6155
  5840
  5360
  5490
  6265
  7105
  6605
  6345
  6235
  6140
  7485
  6500
  5940
  6255
  6720
  5795
  6615
  6565
  6100
  6735
  5665
  5895
  6515
  5845
  6595
  6275
  6120
  6445
  6405
  7210
  7225
  6260
  6435
  6815
  6485
  6260
  6330
  5740
  7100
  5515
  6695
  6585
  6240
  5770
  6045
  6280
  6110
  7130
  6445
  6975
  6995
  6135
  5065
  5780
  5425
  5815
  4670
  7675
  7345
  6355
  6240
  6180
  6115
  5590
  5850
  5995
  5405
  6050
  5670
  5700
  5430
  5220
  5430
  5275
  5765
  5505
  5410
  5510
  5290
  5650
  5055
  5395
  5125
  5405
  5460
  5420
  5220
  5120
  5550
  5445
  5305
  5190
  5040
  4850
  5115
  5275
  5335
  5470
  5455
  5445
  5210
  5380
  5365
  5150
  5900
  5235
  5035
  5200
  5370
  5465
  5220
  5510
  5690
  5195
  5280
  5435
  5010
  5190
  5345
  5630
  5435
  6285
  5380
  5725
  5155
  5180
  5295
  5520
  5675
  5070
  5145
  5395
  5220
  5225
  5130
  5205
  5300
  5075
  5450
  4870
  4785
  5230
  5610
  5215
  5270
  5215
  5115
  5525
  5175
  5160
  5205
  5450
  5710
  5130
  5380
  5110
  5580
  5220
  5465
  5180
  5640
  5460
  5535
  5395
  5375
  5430
  5285
  5720
  5680
  5285
  5405
  5695
  5095
  5480
  5170
  5635
  5405
  5500
  5705
  5120
  5315
  5245
  5165
  5330
  5170
  5560
  5260
  5360
  5015
  5330
  5185
  5610
  6095
  5245
  5305
  5710
  5105
  5180
  5700
  5105
  5140
  4895
  5600
  5210
  5610
  5740
  5170
  5295
  5250
  5435
  5430
  5650
  4845
  5135
  5370
  6320
  5945
  5625
  5440
  5335
  5455
  5900
  5395
  5335
  5205
  5185
  5350
  5205
  5465
  5330
  5545
  5440
  5315
  5660
  5330
  5425
  5510
  5480
  5320
  5620
  5220
  5510
  5605
  5345
  5260
  5610
  5405
  5300
  5360
  4895
  5310
  5135
  5405
  5180
  5595
  5345
  5255
  5565
  5230
  5340
  5355
  5370
  5615
  5520
  4965
  5125
  5430
  5015
  5905
  5245
  5285
  5785
  5975
  6045
  6255
  5895
  6240
  6310
  6155
  6655
  6105
  6295
  6235
  6095
  6160
  6105
  5965
  6035
  5760
  6110
  6140
  5970
  6245
  5775
  5890
  6300
  6100
  6210
  6610
  6100
  6790
  6605
  6800
  7170
  6845
  6530
  6560
  6535
  5435
  4080
  5825
  6700
  6805
  6435
  6380
  7070
  7170
  6725
  4570
  5325
  5255
  5345
  5670
  5325
  5985
  5800
  5640
  5795
  5570
  5330
  5600
  5760
  5410
  5740
  5655
  5510
  5485
  5625
  5890
  5820
  5510
  5345
  5520
  5015
  5435
  5925
  5510
  4790
  5270
  5525
  5340
  5600
  5270
  5330
  5440
  5445
  5230
  5470
  5420
  5520
  5370
  5505
  5545
  5750
  5935
  5440
  5500
  5295
  5705
  5635
  5615
  4955
  5720
  5625
  5555
  5260
  5095
  5430
  5165
  5550
  5310
  5595
  5535
  5620
  5605
  5785
  5310
  5320
  5450
  5370
  5445
  5420
  5385
  5755
  6015
  5580
  5560
  5440
  6145
  5295
  5095
  5870
  5790
  5390
  5085
  5570
  5240
  5530
  5195
  5655
  5280
  5475
  5345
  5080
  5895
  5250
  5355
  5450
  5410
  5580
  5115
  6065
  5480
  5470
  5450
  5670
  5610
  5360
  5265
  5480
  5015
  5250
  5700
  5155
  5515
  5180
  5555
  5415
  5430
  5425
  5585
  5400
  5660
  5400
  5150
  5075
  5170
  5305
  5485
  5495
  5180
  5485
  5535
  5415
  5410
  5320
  5080
  5555
  5555
  5500
  5690
  5120
  5905
  5725
  5340
  5345
  5315
  5530
  5550
  5175
  5605
  5215
  5400
  5405
  5320
  5505
  5630
  5150
  5475
  5670
  5130
  5495
  5815
  5770
  5405
  5570
  5750
  4845
  5720
  5755
  5880
  5225
  4885
  5680
  5255
  5505
  5220
  5330
  6130
  5455
  5755
  5780
  5495
  5575
  5530
  5600
  5755
  5320
  5160
  5230
  5500
  5780
  5600
  5790
  5145
  5405
  5380
  5455
  5135
  5295
  5035
  5520
  5290
  5395
  5580
  5185
  5205
  5520
  5460
  5220
  5785
  5220
  5270
  5615
  5450
  5455
  5115
  5530
  5545
  5740
  5085
  5445
  5060
  5410
  5410
  5520
  5200
  5545
  5590
  5105
  5125
  5695
  5495
  5665
  5680
  5355
  5115
  6275
  5355
  5690
  5660
  5535
  5865
  5305
  5350
  5530
  5795
  5235
  5005
  5180
  5040
  5795
  5825
  5455
  5170
  5380
  5150
  5620
  5615
  5595
  5095
  5280
  5635
  5280
  5030
  5325
  5655
  5695
  5480
  5530
  5550
  5800
  5375
  5370
  5295
  5235
  5230
  5335
  5365
  5730
  5335
  5325
  4855
  5440
  6040
  5530
  5800
  5480
  6200
  4985
  5130
  5620
  5575
  5475
  5405
  5520
  5365
  5605
  5805
  5945
  5550
  5475
  5255
  5310
  5655
  5500
  5435
  5500
  5615
  5195
  6105
  6155
  6020
  5340
  5825
  6025
  5980
  5105
  5115
  5305
  5550
  5560
  5970
  5380
  5400
  5330
  5235
  5320
  5355
  5425
  5260
  6015
  5730
  4965
  5715
  5530
  5710
  5530
  5935
  5195
  5655
  5510
  5230
  5400
  5845
  5790
  5595
  5775
  5755
  5035
  5320
  5875
  5365
  5690
  5380
  5605
  5580
  5775
  5520
  5795
  5165
  5460
  6250
  6130
  5530
  5655
  5790
  5665
  6140
  7565
  6315
  6125
  5750
  6050
  4845
  5960
  5675
  5455
  5285
  5265
  5560
