     0
  5530
  5240
  4905
  5025
  5450
  5280
  5540
  5545
  5230
  5065
  5390
  4765
  5455
  5165
  4640
  5275
  4855
  4695
  5535
  5510
  4365
  6415
  4970
  4670
  5130
  3825
  4655
  4285
  3265
  3745
  4405
  6325
  5215
  3090
  2730
  4375
  6175
  3070
  6220
  4160
  5340
  4310
  5455
  4135
  4945
  4385
  5080
  5045
  4700
  5105
  5560
  4550
  5615
  4825
  5880
  5205
  4420
  5050
  5695
  4845
  5290
  5335
  5075
  4250
  5600
  2830
  3775
  5530
  4425
  5050
  5275
  5345
  4895
  2745
  6445
  4830
  6415
  5015
  4275
  5810
  2880
  2795
  4565
  4455
  5375
  5020
  4615
  5975
  3490
  4850
  4855
  5030
  5075
  5070
  4855
  4185
  2885
  3460
  3850
  5190
  4700
  5135
  5315
  5460
  5000
  5330
  4635
  4385
  3915
  5510
  4500
  4690
  4620
  5585
  5900
  4670
  5170
  5620
  4975
  4815
  5165
  4980
  4865
  5205
  5035
  4715
  4935
  5055
  4895
  4970
  4760
  4925
  4715
  5265
  4845
  4705
  5065
  4875
  4660
  5085
  4590
  5090
  4945
  4885
  4780
  4980
  4960
  4910
  4895
  4730
  4870
  5090
  5040
  4535
  4975
  4795
  5205
  4960
  4730
  4770
  4535
  4755
  4800
  4670
  4935
  4640
  4710
  5125
  4650
  5075
  4625
  4430
  4725
  4860
  4760
  4790
  4850
  4980
  4970
  5325
  4855
  5045
  4690
  4610
  4960
  5135
  5355
  5155
  4805
  5095
  4760
  4760
  4995
  4910
  5275
  4475
  4770
  5045
  4685
  5000
  5060
  4790
  4705
  5055
  4305
  4595
  4945
  4575
  4195
  4270
  5160
  4860
  4760
  4305
  4715
  5085
  4855
  4670
  4770
  4810
  5030
  4730
  4850
  4720
  4865
  5025
  5095
  4780
  4735
  4795
  4715
  4845
  4820
  5265
  4320
  4670
  4740
  5075
  4765
  4900
  5090
  4275
  4950
  4245
  4825
  4870
  4745
  4605
  4815
  4960
  5295
  4765
  4955
  4925
  4780
  5255
  5160
  4965
  5005
  4305
  4945
  5415
  4825
  4750
  4790
  4715
  4755
  4920
  5020
  4785
  4485
  4940
  4995
  4855
  4895
  4980
  4685
  5060
  5135
  4475
  4835
  5565
  4965
  4965
  5125
  5470
  5215
  2985
  4800
  4180
  4155
  5785
  4635
  5130
  5045
  5090
  4590
  4870
  4880
  5250
  4970
  4905
  4885
  5025
  4845
  4710
  4895
  4730
  4720
  4745
  4885
  4515
  4410
  4825
  4825
  4580
  4710
  4760
  4985
  4650
  4410
  4955
  4850
  4070
  4405
  5080
  4570
  4985
  4815
  5000
  4605
  4700
  4670
  4500
  4865
  4680
  5065
  4550
  4860
  4970
  4660
  4760
  4840
  4405
  4705
  4795
  4885
  4775
  4870
  4750
  4910
  4555
  4880
  4905
  4755
  4825
  4505
  4835
  5055
  5890
  4800
  4400
  5190
  4480
  4690
  4970
  4500
  4895
  4775
  4875
  4955
  4700
  4795
  4810
  4800
  4895
  4930
  4950
  4875
  5035
  4795
  4845
  4530
  4710
  4960
  4405
  4625
  4545
  4545
  4965
  4890
  4685
  4710
  4530
  4950
  5125
  5040
  4705
  4525
  4965
  4885
  4710
  4655
  4655
  5140
  4730
  4990
  4580
  4645
  5175
  5075
  4550
  4715
  4640
  4625
  4435
  4970
  4940
  4845
  4610
  4855
  4670
  4815
  4830
  4830
  4670
  4995
  4910
  4480
  4605
  4990
  4740
  4865
  4585
  4980
  4490
  4850
  4680
  4645
  4570
  4430
  4775
  4695
  4700
  4645
  4900
  4730
  4705
  4740
  5190
  5425
  5265
  4540
  4700
  4900
  4510
  4940
  4245
  4950
  4235
  4395
  4860
  4730
  4940
  4810
  4780
  4590
  4805
  5220
  4395
  4160
  5120
  4975
  4600
  5040
  4695
  5095
  5100
  4795
  5045
  5145
  4775
  4425
  4900
  4365
  4835
  4890
  5020
  4885
  5195
  5095
  4645
  4525
  4940
  4700
  4940
  5215
  4655
  4490
  4720
  4750
  5080
  4690
  4920
  4730
  4830
  4670
  4760
  4805
  4700
  4655
  4720
  4860
  4750
  4710
  4960
  4375
  4770
  4635
  4690
  4950
  4885
  4920
  4560
  4895
  4620
  4800
  4805
  4815
  4755
  4630
  4695
  4865
  4725
  4810
  4615
  4605
  4810
  4920
  4735
  4805
  4740
  4815
  4765
  4515
  4580
  4595
  4800
  4710
  4530
  4750
  4610
  4960
  4715
  4820
  4775
  4605
  4780
  4615
  4855
  4610
  4870
  4745
  4715
  4700
  4980
  4795
  4845
  4815
  4855
  4870
  4950
  4910
  4880
  4695
  4640
  4770
  4955
  4640
  4890
  5125
  4415
  5080
  4805
  5000
  4800
  4805
  4690
  5025
  4940
  4630
  4525
  4875
  4855
  4660
  4840
  4875
  4880
  4170
  5235
  4410
  4785
  4900
  4805
  4995
  4535
  4840
  4870
  4730
  4800
  4545
  4760
  4835
  4575
  4670
  5000
  4825
  4810
  4970
  4710
  5065
  4645
  4815
  4550
  4805
  3885
  4830
  5050
  4955
  5235
  4690
  5140
  4430
  4360
  4975
  4720
  4495
  4670
  4265
  4775
  4735
  4880
  4900
  4870
  4975
  5030
  4605
  4720
  4750
  4720
  4880
  4600
  4900
  4865
  4690
  4825
  4590
  4835
  4765
  4820
  4890
  4800
  4965
  4720
  4865
  4740
  4660
  4770
  4900
  4625
  4765
  5000
  4565
  4850
  4665
  4550
  4920
  5015
  4770
  5010
  4630
  4655
  4740
  4765
  5045
  4685
  4625
  4795
  4865
  4765
  5120
  4380
  4650
  5155
  4630
  4675
  4925
  4985
  4595
  4955
  5175
  5190
  5190
  4935
  5110
  4700
  4910
  4855
  4595
  3875
  4100
  4370
  4915
  5325
  5080
  4890
  4065
  4255
  4545
  5080
  5315
  4795
  5165
  5130
  4290
  4670
  4685
  4265
  5400
  5190
  5310
  4560
  4300
  5090
  4335
  5270
  5185
  4750
  5255
  4595
  4860
  5320
  4895
  5155
  4960
  4440
  5535
  5095
  4365
  4520
  5010
  4460
  4935
  4700
  5185
  4540
  4880
  4935
  4960
  4710
  5555
  4760
  4795
  5030
  4690
  4760
  4365
  5360
  4920
  5095
  4950
  4890
  5580
  4725
  4810
  4570
  3880
  4765
  4025
  3665
  3940
  3725
  4095
  5240
  5170
  5050
  4705
  4890
  4570
  4835
  4920
  4705
  5055
  4745
  4810
  4650
  4925
  4950
  4790
  4905
  4840
  4765
  4875
  5000
  4785
  4860
  5070
  5110
  4560
  4580
  5085
  4780
  4990
  4840
  4980
  4740
  4875
  4835
  5080
  4955
  5285
  4915
  5020
  4890
  4805
  4710
  4815
  5000
  4105
  4645
  5205
  4665
  4735
  4765
  4715
  4670
  4715
  4835
  4930
  4770
  5060
  4770
  5175
  4940
  4860
  4770
  4780
  5100
  4770
  5160
  4885
  4985
  4775
  4665
  4945
  4965
  4510
  4810
  5200
  4850
  4590
  5025
  4600
  5010
  4885
  5275
  5245
  4885
  4875
  4650
  5015
  4845
  4845
  4750
  4795
  4980
  4745
  4590
  4855
  4900
  4695
  4695
  4745
  4935
  4730
  4570
  4910
  5085
  4630
  5020
  5235
  4775
  5210
  5250
  4295
  5030
  4815
  5025
  4645
  4905
  5010
  4575
  4710
  4975
  4575
  4750
  4880
  4200
  3715
  4235
  4470
  5360
  4945
  4770
  4670
  4660
  4650
  4720
  4875
  4810
  4680
  4755
  4940
  4555
  4900
  4675
  4865
  4940
  4735
  4855
  4895
  4810
  4865
  4675
  4685
  4900
  4780
  5015
  4740
  4645
  5080
  4860
  4720
  4655
  4840
  5015
  5060
  4780
  5065
  4515
  4950
  4540
  4800
  4580
  4695
  4950
  4790
  4870
  4740
  4895
  5065
  4975
  4920
  4445
  4855
  4650
  4865
  4540
  4780
  4935
  4765
  4985
  4925
  4785
  5010
  4835
  4965
  4660
  4950
  4830
  4635
  4730
  4845
  4580
  4855
  4925
  4890
  4620
  4605
  4885
  4695
  4795
  4790
  4765
  4780
  4505
  5035
  4645
  4610
  4770
  4590
  4855
  4900
  4940
  4915
  4685
  4945
  4685
  5070
  4710
  4615
  4885
  4725
  4825
  4790
  4815
  4830
  4885
  4650
  4895
  4860
  4815
  5050
  4700
  4945
  4845
  4935
  4535
  5010
  5205
  4545
  4620
  5085
  4680
  4910
  4665
  4920
  4715
  4745
  5195
  4595
  5020
  4980
  4805
  4760
  4925
  5050
  4805
  4890
  4800
  4975
  5155
  4935
  4580
  4890
  5005
  4770
  4540
  4990
  5175
  4910
  4410
  4815
  4535
  4935
  4910
  4780
  4960
  5160
  4810
  4575
  4550
  4795
  4980
  4950
  4650
  5515
  4800
  4865
  5030
  4750
  5030
  5055
  5060
  4640
  4730
  4830
  4960
  5455
  4795
  4780
  5075
  5190
  5245
  4925
  5065
  4670
  4765
  5020
  5010
  5315
  4660
  5205
  4560
  4770
  4730
  4890
  4735
  4855
  4605
  4815
  5045
  4950
  4485
  4990
  4700
  4780
  4895
  4565
  5430
  4760
  5045
  5040
  4830
  5065
  4645
  4900
  4780
  4945
  4840
  4810
  5155
  5060
  4925
  4965
  4995
  4850
  5095
  4970
  4925
  5165
  4625
  5155
  4905
  4890
  4765
  4795
  5100
  4735
  5110
  4630
  5025
  4950
  4810
  4885
  4775
  4830
  5210
  4805
  4815
  5115
  4670
  4720
  4770
  4655
  4565
  4950
  5025
  4935
  4840
  4990
  4865
  4755
  5175
  4890
  4890
  5035
  5220
  5035
  4750
  4925
  4855
  4720
  5120
  5025
  4695
  4810
  4870
  4740
  5320
  4975
  4885
  5045
  4790
  4810
  4735
  4880
  5165
  4835
  5130
  4870
  4870
  4875
  5005
  4840
  4545
  5070
  4950
  4965
  4710
  5175
  5090
  4525
  4635
  4825
  5175
  4885
  5100
  5165
  4630
  4940
  5285
  5395
  4850
  4855
  4910
  4770
  5220
  5225
  4320
  4715
  5225
  4585
  5160
  5335
  4665
  5015
  4885
  4935
  4665
  5020
  4670
  4810
  4915
  4830
  4665
  4785
  5200
  4860
  4955
  4750
  5045
  4570
  4860
  4260
  5220
  4950
  4740
  4885
  4655
  4725
  4755
  5165
  4645
  4635
  4805
  4880
  4995
  4785
  4950
  4745
  4830
  5180
  4340
  4940
  4875
  5080
  5110
  4510
  5005
  4785
  4915
  4645
  4885
  5205
  4765
  4505
  4920
  4595
  5395
  4445
  5220
  4730
  4855
  4870
  4990
  4720
  4700
  4580
  5025
  4840
  5095
  5280
  4910
  4295
  4735
  4920
  4650
  4885
  4555
  4810
  4900
  4675
  4735
  5120
  4745
  4755
  5140
  4930
  4620
  4865
  4660
  4825
  4590
  4705
  4720
  4270
  4245
  4120
  4845
  5045
  4880
  4910
  4400
  5585
  4640
  5225
  4285
  5050
  5635
  5005
  4815
  5200
  5080
  4450
  4715
  4655
  4595
  4640
  4860
  4740
  5045
  4570
  3860
  4865
  4855
  3955
  4230
  4605
  4855
  4990
  4380
  5160
  5195
  4765
  4695
  4560
  4840
  4495
  4795
  4775
  4935
  5015
  4495
  4945
  4845
  4610
  4685
  4625
  4860
  4540
  4785
  4990
  4780
  4730
  4895
  4795
  4895
  4780
  4705
  4985
  4705
  5005
  4645
  4855
  4910
  4815
  4870
  4495
  4770
  4555
  5030
  4580
  4840
  5030
  4680
  4685
  4945
  5110
  4615
  4580
  5010
  4560
  5015
  4720
  4750
  4855
  4755
  4775
  4670
  4700
  4665
  4990
  4705
  4580
  4775
  4855
  4810
  4765
  4890
  4705
  4635
  4780
  4785
  5215
  4455
  4840
  4795
  4745
  5015
  4765
  4890
  4570
  4830
  4510
  4775
  5185
  5260
  4620
  4940
  4860
  4890
  4295
  5055
  4435
  5280
  5110
  4620
  3960
  4435
  5620
  4065
  5050
  4745
  4615
  4010
  3840
  5040
  4520
  4775
  4020
  4050
  4045
  5355
  4925
  4495
  4785
  4165
  4525
  4425
  4265
  5260
  5185
  5010
  5315
  4875
  5010
  4395
  5120
  4235
  4985
  4220
  4030
  4580
  4900
  5235
  4400
  4855
  5020
  4815
  4960
  4760
  4390
  5265
  4860
  4985
  4755
  5040
  5005
  5070
  5295
  4915
  4945
  5015
  4535
  5150
  4365
  4085
  4445
  5290
  5135
  4975
  5040
  4640
  5320
  4760
  4625
  4900
  4795
  4505
  4620
  5085
  4935
  4900
  4890
  4960
  4695
  4885
  5015
  5010
  4675
  4800
  4830
  4955
  4720
  4915
  5130
  4810
  4830
  4785
  4895
  4895
  4750
  4790
  4830
  5000
  4840
  4830
  4685
  5100
  5065
  4870
  4915
  4965
  4655
  5055
  4720
  4965
  4810
  4765
  4855
  4890
  4715
  5350
  5030
  4650
  5460
  4730
  4775
  4820
  4860
  4845
  5000
  4815
  4840
  5075
  4780
  4860
  4990
  4850
  4730
  4985
  4660
  5090
  5075
  5050
  5115
  5070
  5005
  4845
  4920
  4775
  4695
  4355
  4540
  4520
  5465
  4710
  4995
  4880
  4745
  4805
  4895
  4720
  4685
  5000
  4835
  5310
  4860
  4925
  4675
  5025
  4780
  5065
  5400
  5235
  4545
  5195
  5215
  4840
  4935
  5090
  4925
  4870
  4800
  4855
  4715
  4870
  4805
  4790
  5005
  5150
  5030
  5095
  4880
  4800
  4690
  4685
  4910
  5145
  5180
  4595
  4925
  4960
  5095
  4975
  4660
  4960
  4870
  4955
  4860
  4905
  4920
  4850
  4930
  5025
  4910
  5140
  4505
  4975
  4560
  4700
  4950
  4660
  4950
  4730
  4965
  4835
  4790
  5035
  4885
  4760
  4655
  5170
  4600
  4795
  4950
  4700
  4930
  4915
  4950
  4780
  4600
  4705
  5045
  4545
  4885
  4670
  5150
  4820
  4745
  4555
  5200
  5045
  4700
  4805
  4710
  4800
  4845
  5085
  5230
  4550
  5150
  4785
  5050
  4820
  4985
  4835
  5055
  5070
  5035
  4805
  5065
  4870
  4685
  4820
  5050
  4870
  5020
  5045
  4665
  4775
  5080
  4980
  4985
  4720
  4745
  4860
  4770
  4910
  5025
  4685
  4820
  4865
  4820
  5125
  4615
  5080
  4655
  4835
  5090
  4685
  5040
  5125
  5105
  4675
  4830
  4695
  4880
  4835
  5405
  4825
  4880
  4700
  4710
  4795
  4495
  5400
  4865
  5090
  4910
  5040
  4840
  4810
  4800
  5040
  5035
  4635
  4830
  4975
  5080
  4665
  4800
  4995
  4625
  4700
  4680
  4555
  4740
  4825
  4820
  4545
  5085
  4745
  4775
  4885
  4860
  5080
  4865
  4740
  4830
  5135
  4950
  4770
  4925
  4560
  4870
  4500
  4560
  5645
  5050
  4770
  5065
  4645
  4775
  4855
  5090
  4655
  4995
  4880
  4700
  4710
  4860
  5115
  4665
  4915
  5010
  5360
  4830
  4930
  4805
  4395
  4560
  4695
  4825
  5095
  5170
  4965
  4730
  5335
  5090
  5075
  4900
  4845
  4890
  4860
  5070
  4675
  4345
  4720
  4870
  4925
  4910
  5200
  4795
  4830
  4900
  4865
  4740
  5245
  5250
  4600
  4870
  4740
  4935
  4840
  4930
  4925
  4805
  4795
  4740
  5110
  4740
  4805
  4860
  5055
  4705
  4745
  4490
  4680
  5155
  4635
  5235
  4745
  5120
  5215
  4655
  4900
  5070
  4840
  4550
  5015
  4475
  4730
  4995
  4830
  5455
  5020
  5200
  4905
  4975
  4630
  4695
  4930
  4785
  5080
  4640
  4930
  5295
  5390
  4750
  4820
  5410
  5270
  4850
  4860
  4950
  4830
  4930
  4765
  4675
  5070
  5275
  4635
  5150
  4415
  4445
  5065
  4600
  4885
  4715
  4725
  4735
  4985
  4685
  5095
  4585
  4815
  4825
  5020
  4945
  5020
  4815
  4815
  4900
  4690
  4935
  4935
  4485
  5120
  4805
  5080
  4990
  4830
  4710
  5175
  5185
  4250
  4920
  4935
  4775
  4920
  5030
  4655
  4580
  4795
  4985
  4910
  4615
  5085
  4430
  4895
  4780
  4815
  4955
  4455
  4755
  4810
  5280
  4720
  4850
  4435
  4810
  4465
  4280
  4730
  4690
  4805
  4750
  4680
  4825
  4685
  4760
  4770
  4785
  5555
  5200
  4875
  5140
  4565
  3900
  3975
  4260
  5260
  4505
  5065
  4885
  4600
  4850
  4555
  4885
  4910
  4920
  4715
  4750
  4510
  4870
  4890
  4805
  4805
  5135
  4535
  4825
  4510
  5020
  4815
  4910
  4895
  4475
  4995
  4825
  4745
  4880
  4785
  5055
  4905
  4650
  4990
  4905
  5015
  4730
  4930
  4980
  4985
  4725
  4940
  4860
  4980
  4855
  5035
  4455
  4780
  4945
  4945
  4795
  4895
  4870
  4950
  4645
  4845
  5135
  4675
  4765
  4745
  4955
  4950
  4590
  4940
  5065
  4725
  4645
  5015
  4675
  4780
  4850
  4930
  4700
  4905
  5020
  4870
  4955
  4705
  4965
  4680
  4795
  4650
  4785
  4800
  4970
  4560
  4775
  4760
  5100
  4475
  5240
  5340
  4890
  4290
  4965
  5180
  4960
  4845
  5085
  4315
  4805
  5035
  4560
  4925
  4705
  4805
  4570
  4955
  4750
  5060
  4790
  4540
  4870
  5130
  4755
  4740
  4780
  5055
  4870
  4900
  5075
  4765
  5065
  4855
  4675
  4895
  5015
  4965
  4485
  5005
  5150
  4760
  4850
  4765
  5045
  4695
  4655
  4580
  4860
  4825
  4890
  4940
  4885
  4705
  5000
  4695
  4440
  5225
  5040
  4500
  4690
  4825
  4935
  5020
  5070
  4890
  4680
  4790
  4630
  4775
  4890
  4775
  4920
  4675
  4980
  4795
  4750
  4840
  5025
  4830
  4805
  4750
  4980
  4990
  4825
  4995
  4865
  4880
  4950
  4800
  4975
  4775
  4775
  5065
  4745
  4750
  4955
  4705
  4905
  4845
  4940
  4870
  4875
  4680
  4825
  5180
  4740
  4710
  4500
  4890
  4810
  4855
  4735
  5010
  4945
  4670
  4685
  4875
  4705
  4755
  4900
  5035
  4925
  4915
  4790
  4855
  4495
  4780
  4735
  4960
  4750
  4995
  4825
  4885
  5150
  4690
  4770
  4840
  4720
  4770
  4855
  4845
  4860
  4625
  5005
  4960
  4665
  5040
  5110
  4685
  4785
  5025
  4725
  4885
  4725
  4805
  4720
  5025
  4910
  4865
  4790
  4965
  5165
  4715
  5055
  4610
  5155
  5190
  4020
  4465
  5190
  5390
  4510
  4810
  4895
  4535
  4670
  4990
  5145
  4445
  4920
  4960
  4950
  4740
  4985
  5050
  4760
  4860
  5125
  4855
  4905
  4780
  4805
  4760
  5005
  4680
  5240
  4865
  4550
  4885
  5060
  4870
  4710
  4970
  4815
  4735
  4725
  4900
  5070
  4995
  4715
  4735
  4845
  4890
  4765
  4725
  4640
  4780
  5055
  4740
  4725
  4665
  4840
  4750
  4940
  4780
  4915
  4970
  4815
  4780
  5105
  5030
  4585
  4960
  5130
  4800
  4945
  4695
  4770
  4715
  4765
  4830
  4645
  4835
  5165
  5080
  4820
  5135
  5180
  4775
  4975
  4740
  5010
  4985
  5055
  4690
  5125
  4825
  4920
  4910
  4805
  4665
  5095
  4835
  5120
  4790
  4725
  4855
  4545
  4830
  4870
  4955
  4750
  4850
  4680
  5115
  4715
  4860
  4780
  5165
  4715
  4810
  4820
  5175
  5125
  4770
  4690
  5025
  4870
  5100
  4965
  4650
  4805
  5015
  4750
  4910
  5005
  4700
  5270
  4740
  4945
  4815
  5170
  4880
  4860
  5095
  4840
  4780
  4905
  4825
  4880
  4695
  4730
  4995
  4800
  4955
  4875
  4690
  5065
  4845
  4965
  4975
  4620
  4965
  4840
  5115
  4710
  4990
  4765
  4850
  4580
  5035
  4855
  4675
  5100
  4770
  4840
  4820
  4685
  4740
  4775
  4820
  5055
  4835
  5040
  4840
  4605
  5060
  4960
  4980
  4790
  4855
  4855
  4995
  4390
  4585
  4825
  4665
  4850
  5115
  5215
  4980
  4620
  4750
  5365
  4650
  5450
  4860
  4725
  4910
  4945
  4710
  4830
  4880
  4605
  4740
  4485
  5215
  4765
  4780
  4625
  4740
  4820
  5060
  5000
  5130
  5135
  5020
  4770
  4940
  4760
  5205
  4810
  4795
  5030
  4615
  4790
  4685
  4740
  5090
  5020
  4720
  4955
  4810
  4740
  4850
  4815
  4505
  4885
  4645
  4705
  4835
  4770
  4725
  4530
  4825
  4635
  4685
  4615
  4395
  4870
  4585
  4810
  4685
  4810
  4745
  4625
  4905
  4645
  5060
  4975
  4635
  5090
  4560
  5135
  4940
  4440
  4665
  4800
  4920
  4775
  5070
  4775
  4805
  4755
  4625
  4935
  4875
  4805
  4960
  4905
  5035
  4915
  4540
  4785
  4590
  5095
  4995
  4990
  4875
  4805
  4965
  4950
  4710
  5015
  4900
  4975
  4780
  4695
  4715
  4880
  4950
  4920
  4965
  4630
  4975
  4270
  5020
  4885
  4810
  5095
  4880
  4600
  4745
  4665
  4875
  4710
  4680
  4770
  4765
  4725
  4665
  5100
  4560
  4260
  4920
  4680
  5035
  4615
  4425
  5045
  4755
  4660
  4440
  5170
  4990
  4990
  4460
  5090
  4965
  4595
  5000
  5045
  4995
  4730
  4660
  4770
  4750
  4795
  4445
  4845
  4710
  4545
  4740
  4975
  4620
  4355
  4635
  4845
  4850
  4825
  4930
  4570
  4935
  4410
  4785
  4640
  4820
  4640
  4925
  4565
  4660
  4860
  4975
  4690
  4820
  4865
  4640
  4630
  4755
  4900
  4660
  4650
  4890
  4790
  4730
  4610
  4785
  4795
  4990
  4600
  4945
  4385
  4560
  4970
  4720
  4775
  4610
  4755
  4760
  5070
  4790
  4625
  5175
  4675
  4530
  4940
  4830
  4805
  4490
  4900
  4790
  4670
  4865
  4745
  4825
  4705
  4790
  4795
  4795
  4660
  4935
  5030
  4820
  4805
  4790
  4525
  5020
  4815
  4820
  4815
  4675
  4920
  4830
  4890
  4770
  4715
  4895
  4605
  4750
  4990
  4865
  4770
  4765
  4925
  4555
  4815
  4840
  4735
  4725
  4720
  4790
  4895
  4840
  4695
  4690
  4865
  4650
  4525
  4635
  4660
  4690
  4460
  4670
  4580
  4915
  4600
  4690
  4955
  4735
  4715
  4565
  4955
  4485
  5100
  4800
  4895
  4545
  4870
  4705
  4770
  4650
  4775
  4685
  4750
  5170
  4555
  4690
  4795
  4880
  4745
  4945
  4820
  4725
  4860
  4670
  4740
  4940
  4750
  4650
  4615
  4760
  4825
  4765
  4950
  4925
  4550
  5155
  4740
  4655
  4925
  4880
  4835
  4970
  4595
  4525
  4780
  4855
  5030
  4575
  4740
  4750
  4735
  4975
  4845
  4620
  4570
  4830
  4795
  4570
  4785
  4560
  4770
  4715
  4815
  4605
  4685
  5065
  4885
  4785
  4820
  4645
  4850
  4885
  4900
  4940
  4660
  4965
  4795
  4640
  4795
  4930
  4870
  4790
  4495
  4770
  5000
  4550
  4755
  4765
  4840
  4880
  4655
  4855
  4470
  4905
  5040
  4750
  4845
  4280
  5165
  4190
  4945
  4840
  4160
  5175
  4145
  5130
  4820
  5015
  4470
  4815
  5110
  4795
  4745
  4660
  4690
  4880
  4950
  4880
  4770
  4680
  4520
  4740
  4795
  4155
  4630
  4685
  4670
  4635
  4865
  4610
  4835
  4565
  5020
  4630
  4600
  4820
  4800
  4735
  4775
  4775
  4810
  4805
  4795
  4600
  4625
  4750
  4770
  4625
  4835
  4445
  4850
  4615
  4780
  5035
  4845
  4665
  4770
  4850
  4835
  4865
  4770
  4830
  4730
  4845
  4655
  4635
  4700
  4730
  4680
  4845
  4620
  4440
  5010
  4845
  4755
  5015
  4400
  4815
  4580
  4615
  4815
  5015
  4405
  4815
  4880
  4655
  4905
  4670
  5025
  4720
  4700
  4880
  4865
  4785
  4860
  4715
  4655
  4790
  4635
  4835
  5220
  4550
  4865
  4930
  4750
  4940
  4610
  4545
  4660
  4835
  4780
  4855
  4620
  4570
  4905
  4555
  4905
  4715
  5030
  4845
  4810
  4985
  4700
  5060
  5025
  4665
  4760
  4905
  4675
  4900
  4845
  4760
  4905
  4740
  4725
  5180
  4790
  4910
  4755
  4955
  4690
  4785
  4845
  4730
  4745
  4840
  4865
  4070
  4915
  4845
  4660
  5395
  5140
  4965
  4745
  4640
  4745
  4525
  4640
  4575
  4780
  4835
  5000
  4565
  4975
  4480
  4855
  4650
  5125
  4875
  4780
  4720
  4745
  5075
  4870
  4695
  4555
  4930
  4645
  4625
  4715
  4695
  4515
  4675
  4920
  4625
  4810
  4505
  4805
  5085
  4500
  5030
  4775
  4725
  4665
  4615
  4920
  4915
  4855
  4780
  4585
  4785
  4830
  4740
  4445
  4795
  4895
  4515
  5065
  4815
  4755
  4995
  4745
  4780
  4805
  4700
  4735
  5090
  4875
  5160
  4740
  4795
  4565
  4780
  4930
  4815
  4800
  4555
  4990
  4695
  4555
  5215
  4655
  4470
  4805
  5155
  4905
  4190
  4610
  4950
  5120
  4390
  4615
  5010
  4625
  4695
  4810
  4920
  4555
  4705
  4855
  5095
  4770
  4785
  4440
  5245
  4435
  4910
  4550
  4720
  4620
  5205
  4830
  4670
  4255
  5200
  4405
  4810
  4865
  4780
  4740
  4760
  4770
  4640
  4670
  4900
  4760
  4470
  4730
  5065
  4865
  4560
  4600
  4960
  4610
  4655
  4640
  4755
  4840
  4590
  4730
  4835
  4850
  4845
  4580
  4820
  4735
  4560
  4810
  4750
  4765
  4665
  4835
  4950
  4680
  4815
  4485
  4760
  4815
  5080
  4640
  4595
  4665
  4715
  4580
  4895
  4955
  4955
  4545
  4835
  5005
  4865
  4555
  4990
  4870
  4645
  4350
  4750
  4610
  4735
  4545
  4860
  4700
  4995
  4585
  4655
  4955
  4785
  4960
  4735
  4545
  4955
  4645
  4675
  4895
  4820
  4645
  4470
  4800
  4805
  4975
  4515
  4930
  5050
  4240
  4870
  4535
  5210
  4600
  4505
  5305
  5090
  4095
  4085
  4550
  4065
  4780
  4645
  5165
  4950
  4260
  5140
  4550
  4500
  4525
  5280
  4390
  4915
  4530
  4640
  4755
  5065
  4510
  4465
  5205
  4545
  4830
  5020
  4685
  4480
  4820
  4805
  4985
  4830
  4745
  4850
  4705
  4535
  5070
  4655
  4930
  4580
  4730
  4610
  4790
  4825
  4715
  4595
  5125
  4630
  4950
  4745
  4870
  4900
  4865
  4865
  4920
  4825
  4790
  4605
  4665
  4985
  4345
  4815
  4780
  4945
  4630
  4930
  4845
  4895
  4700
  4830
  4785
  4695
  4865
  4560
  4700
  4970
  4530
  4635
  4750
  4855
  4740
  4585
  4750
  4965
  4560
  4890
  4610
  4885
  4740
  4675
  4705
  4725
  4410
  4690
  4840
  4675
  4685
  4410
  4950
  4865
  4815
  4890
  4605
  4570
  4900
  4875
  4730
  4820
  4735
  4945
  4820
  4725
  4815
  4590
  4550
  5060
  4435
  4890
  4790
  4885
  4745
  4775
  5040
  4700
  4590
  4850
  4720
  4635
  4570
  4900
  4655
  4760
  4705
  4515
  4845
  4945
  4715
  4925
  5050
  4965
  4910
  4705
  4895
  4780
  4630
  4650
  4820
  4655
  4775
  4695
  4710
  5110
  4765
  4620
  5095
  4830
  4655
  4545
  4685
  4805
  4805
  4575
  4825
  4830
  4605
  4855
  4920
  4605
  5035
  4760
  4690
  4930
  4730
  4735
  4965
  4785
  4585
  4635
  4645
  4770
  4575
  4905
  4435
  4715
  4690
  4730
  4720
  4860
  4880
  4695
  4910
  4810
  4875
  4905
  4655
  4875
  4975
  4720
  4595
  4775
  4705
  5165
  5025
  4795
  4695
  5065
  4865
  4820
  4485
  4810
  4720
  4870
  4620
  4610
  4855
  4720
  4790
  4760
  4725
  4895
  4860
  4600
  5010
  4615
  4850
  4795
  4865
  4910
  4735
  4710
  4930
  4945
  4740
  5090
  4785
  4840
  4965
  4920
  4690
  4885
  4780
  4695
  4840
  4755
  5070
  4465
  4685
  4870
  4785
  4845
  4635
  4850
  4605
  4730
  4970
  4340
  4895
  4595
  4720
  4655
  4750
  4775
  4785
  4825
  4810
  4800
  4985
  4730
  4725
  4770
  4675
  4755
  4795
  4870
  4845
  4720
  4790
  4460
  4725
  4600
  5040
  4780
  4765
  4585
  4970
  4645
  4670
  5110
  4690
  4670
  4910
  4700
  4740
  4865
  4605
  5015
  4795
  4795
  4885
  4690
  4945
  4595
  4815
  4870
  4705
  4725
  4605
  4945
  4795
  4685
  4865
  4895
  4775
  4705
  5145
  4650
  5020
  4695
  4710
  4720
  4895
  4670
  4790
  4690
  4795
  4730
  4730
  4665
  5045
  4820
  4535
  4750
  4790
  4895
  4515
  5010
  4720
  4840
  4560
  4975
  5350
  4795
  4930
  4710
  4865
  4785
  4640
  4935
  4585
  4880
  4985
  4940
  5120
  4980
  4955
  4860
  4600
  4650
  4830
  4755
  4885
  4675
  5025
  4965
  4620
  4720
  4685
  5060
  4995
  4900
  4720
  4720
  4860
  4470
  4925
  4920
  4820
  4700
  4725
  4580
  4640
  4665
  4995
  4750
  4910
  5065
  4675
  4700
  4965
  4820
  4625
  4775
  4590
  4910
  4820
  4800
  4770
  4890
  4850
  4655
  4935
  4965
  4645
  5045
  4515
  4660
  4670
  4810
  4665
  4785
  4655
  4975
  4705
  4585
  4495
  4705
  4515
  4930
  4740
  4690
  4960
  4940
  4590
  4945
  4810
  4870
  4450
  4940
  4610
  4850
  4430
  4650
  4870
  4725
  4880
  4660
  4890
  4850
  4370
  4830
  4690
  4750
  4580
  4875
  4690
  4805
  4880
  4710
  4660
  4770
  5125
  4505
  4870
  4695
  4640
  4775
  4845
  4765
  4970
  4810
  4905
  4730
  4805
  4930
  4825
  4830
  4665
  4525
  4815
  4470
  5110
  4585
  4690
  5060
  4660
  4595
  4750
  4975
  5025
  4840
  5110
  4595
  4925
  4370
  5020
  4615
  4725
  4860
  4835
  5010
  4675
  4995
  4755
  4945
  4580
  5020
  4865
  4810
  4880
  4700
  4385
  4860
  4540
  4885
  5090
  4760
  4515
  4740
  4815
  4815
  4730
  4685
  5095
  4855
  4835
  4755
  4720
  4850
  4850
  4730
  5005
  4800
  4745
  4895
  4645
  4930
  4600
  4845
  4575
  5125
  4335
  4860
  4895
  4310
  5135
  4315
  5025
  4620
  4765
  4915
  4600
  4745
  4945
  4915
  4785
  4945
  4695
  4915
  4645
  4535
  4850
  5060
  4825
  4700
  4865
  4980
  4835
  5080
  4750
  4790
  4655
  4855
  4895
  4850
  5195
  4880
  4700
  4935
  4865
  4455
  4735
  4905
  4725
  4925
  4730
  4780
  4605
  4865
  4940
  4855
  4825
  4840
  4845
  4875
  4520
  5030
  4415
  4660
  4715
  4725
  4810
  4710
  4695
  4610
  4565
  4885
  4830
  4640
  4815
  4950
  4725
  4660
  4770
  4540
  4910
  4485
  4905
  4790
  5045
  4585
  4860
  4715
  4815
  4830
  4630
  5065
  4845
  4690
  4785
  4720
  4885
  4790
  4455
  4930
  5110
  4770
  4695
  4975
  4640
  4650
  4855
  4860
  4640
  4880
  4550
  4540
  4735
  4620
  4760
  4940
  4750
  4880
  4780
  4730
  4625
  5040
  4685
  4530
  4995
  4695
  4785
  4870
  4715
  4515
  4565
  4865
  4795
  4690
  4755
  4810
  4940
  4455
  4780
  4490
  4875
  4935
  4595
  4810
  4870
  4660
  4755
  4740
  4870
  4560
  4940
  4825
  4695
  4930
  4965
  4595
  4760
  4630
  4915
  4855
  4570
  4790
  4705
  4955
  5060
  4595
  4895
  4800
  4800
  4700
  4640
  5255
  4755
  4830
  4970
  4795
  4850
  4770
  4590
  4900
  4890
  4760
  5005
  4925
  4500
  4875
  4685
  4745
  4610
  5020
  4810
  4700
  4915
  4605
  4990
  4830
  4820
  4615
  4535
  5000
  4785
  4915
  4610
  4615
  5060
  4735
  4845
  4770
  4695
  4725
  4805
  4635
  4840
  4515
  4485
  5010
  4705
  5160
  4380
  4790
  4950
  5075
  4800
  4870
  4955
  5070
  4910
  4655
  4590
  4700
  5085
  4865
  4850
  4790
  4560
  4700
  4950
  4690
  4720
  4770
  4910
  4690
  4625
  4765
  4595
  4890
  4815
  4990
  4640
  4775
  4725
  4985
  4585
  4935
  4845
  4765
  4765
  4815
  4875
  5020
  4635
  5000
  4970
  4810
  4780
  5065
  4465
  4820
  4905
  4620
  4980
  4835
  4845
  4940
  5025
  4765
  4725
  4745
  4845
  4810
  4835
  4700
  4865
  5120
  4770
  4960
  4515
  4785
  5005
  4895
  4785
  4745
  4700
  4875
  5000
  4800
  4700
  4430
  4835
  4970
  4780
  4795
  4860
  4850
  4740
  4735
  4700
  5035
  4545
  5060
  4800
  4810
  4785
  4790
  4770
  4635
  4925
  4875
  4960
  4525
  4930
  4755
  4755
  4830
  4995
  4750
  5035
  4710
  5065
  4880
  4970
  4835
  4565
  4865
  4875
  4675
  5010
  4685
  4855
  4775
  4685
  5160
  4690
  4735
  4930
  4830
  4850
  4645
  4935
  4745
  4760
  5455
  4660
  4785
  4805
  5130
  4860
  5165
  4775
  5365
  4930
  4855
  5015
  4775
  4810
  4850
  4965
  4750
  4585
  4950
  4800
  4825
  4670
  4725
  4825
  4770
  4565
  4575
  5070
  4635
  4785
  4735
  4790
  4705
  4875
  4540
  4785
  4640
  4500
  4640
  4660
  4730
  4955
  4700
  5030
  4495
  4805
  4375
  4710
  4595
  4765
  4655
  4955
  4715
  4810
  5005
  4670
  4605
  4720
  4670
  4980
  4720
  4800
  4825
  4920
  4585
  4875
  4885
  4435
  5185
  4645
  5125
  4705
  4835
  4910
  4905
  4680
  5020
  4845
  4660
  5130
  4655
  4900
  4570
  5035
  4800
  4790
  4810
  4545
  4605
  4630
  4970
  5015
  4735
  4730
  4690
  4930
  4685
  4655
  4555
  4835
  4625
  4880
  4465
  4900
  4715
  4870
  4730
  4800
  5040
  4825
  4730
  4660
  4795
  4880
  4705
  4555
  4890
  4980
  4545
  4715
  4760
  4860
  4770
  5140
  4755
  4650
  4910
  4910
  4690
  4845
  4920
  4765
  4870
  4560
  4945
  4675
  4760
  4830
  4685
  4700
  4570
  4935
  4635
  4845
  4895
  4560
  4875
  5020
  4725
  4845
  4765
  5030
  4850
  5110
  4615
  4860
  4675
  4775
  5090
  4595
  4775
  4565
  4980
  4660
  4815
  4860
  4795
  4800
  4990
  4815
  4655
  4625
  5020
  5095
  4990
  4840
  4925
  4750
  4410
  5040
  5040
  4740
  4775
  5035
  4645
  4730
  4645
  4740
  4765
  4990
  4735
  5000
  4685
  4915
  4900
  4790
  4650
  4620
  4535
  4775
  4985
  4780
  4990
  4775
  4835
  4990
  4870
  4925
  4915
  4855
  4745
  4845
  4740
  4510
  4880
  4495
  4850
  4890
  4835
  4685
  4730
  4610
  4705
  4915
  4805
  4730
  4815
  4835
  4650
  5045
  4645
  4915
  4830
  4945
  5025
  4755
  4790
  4565
  4925
  4665
  4605
  4905
  4940
  4800
  5130
  4845
  4730
  4980
  4860
  4730
  4825
  4585
  4895
  4775
  5060
  4750
  4775
  4840
  4765
  4830
  5105
  4705
  5060
  4670
  5175
  4580
  4585
  4895
  4725
  5030
  4865
  4760
  4750
  4760
  4850
  5035
  4875
  5150
  4665
  4915
  4685
  5210
  4635
  4620
  4700
  4805
  4560
  4970
  4700
  5135
  4695
  4685
  4920
  4690
  4685
  4715
  4900
  4825
  4735
  5065
  4895
  4600
  4825
  4660
  4835
  4815
  4650
  4720
  4785
  5015
  4590
  5035
  4855
  4785
  4785
  4580
  4830
  4995
  4680
  4705
  4785
  4945
  4635
  4755
  4830
  4870
  4785
  4730
  5000
  4835
  4710
  4800
  5025
  4475
  4765
  4905
  5055
  4950
  4830
  4720
  4685
  4830
  4690
  5080
  4640
  4760
  4905
  4820
  4685
  4665
  4920
  5155
  4570
  5015
  4795
  4850
  4735
  4805
  4890
  5065
  4645
  4640
  5005
  4990
  4870
  4960
  4780
  5040
  4620
  4945
  4680
  4735
  4710
  4645
  4710
  4560
  4745
  5145
  4845
  4645
  5090
  4755
  4645
  5275
  5200
  4765
  4905
  5180
  4850
  4820
  4895
  4790
  4585
  4890
  4685
  5000
  4670
  5150
  4475
  4900
  5140
  4630
  5085
  4910
  4745
  4635
  4730
  4880
  4805
  4985
  4795
  4820
  4785
  4725
  4875
  5100
  4830
  4600
  4700
  5050
  4925
  4740
  4505
  4785
  4840
  4985
  4780
  4665
  4690
  4930
  4735
  4995
  4775
  4645
  4840
  4850
  4795
  5105
  4805
  4880
  4860
  4735
  5000
  4950
  4815
  4575
  4695
  4745
  4865
  5090
  4985
  5025
  4680
  4590
  4885
  4540
  5160
  4950
  5080
  4585
  4930
  4570
  4930
  4665
  4835
  4700
  4760
  4775
  4700
  4890
  4505
  5015
  4915
  4665
  4940
  4830
  5045
  4745
  4665
  5170
  5090
  4605
  4690
  4905
  4780
  4845
  5140
  4870
  5010
  4900
  4750
  5225
  4895
  5300
  4770
  5000
  4830
  4920
  5135
  5045
  4690
  5295
  4695
  4935
  4790
  5425
  5020
  4740
  4830
  4995
  4785
  4495
  4810
  5100
  5255
  4855
  4905
  4990
  4700
  5520
  5535
  4915
  5550
  5350
  5115
  5015
  4870
  4925
  5110
  4720
  4910
  4980
  4945
  4765
  4590
  4785
  5070
  4825
  4905
  5000
  4920
  5035
  4900
  4690
  4525
  4860
  4885
  4975
  4945
  4625
  4920
  4870
  5055
  4495
  4950
  5140
  4800
  4990
  4860
  4780
  4690
  4800
  4835
  4490
  4825
  4760
  4710
  4460
  5000
  4740
  4765
  4905
  5000
  4795
  5065
  4540
  4925
  4760
  5095
  4670
  5010
  4820
  4760
  5025
  4780
  4675
  4660
  5120
  4580
  5065
  4820
  4965
  4705
  4605
  4820
  4675
  4830
  4755
  4730
  4825
  5035
  4800
  4840
  4810
  5145
  4780
  4830
  4760
  4815
  4885
  4740
  4855
  4655
  4760
  4880
  4950
  5070
  4805
  4870
  4810
  4915
  4865
  4985
  5110
  4610
  4620
  4975
  4965
  4815
  4905
  5075
  4890
  4940
  5065
  4565
  4910
  4770
  4835
  5245
  4880
  4965
  4860
  4890
  4630
  4975
  4845
  4935
  4715
  4880
  4725
  4630
  5105
  4740
  4495
  4795
  5105
  4480
  5005
  4735
  4630
  5105
  4300
  4710
  4550
  4755
  4610
  4815
  4715
  4645
  4830
  5185
  5200
  5040
  4390
  4430
  5220
  4880
  4725
  4925
  4780
  4945
  4660
  4840
  4125
  4400
  5340
  4880
  4560
  5015
  4750
  4790
  4445
  4565
  4745
  4825
  4560
  4775
  5000
  4700
  4710
  4790
  4925
  4725
  4850
  4950
  4845
  5040
  4925
  4780
  4985
  4855
  4965
  4780
  5245
  4940
  4505
  4890
  4830
  5065
  4940
  5170
  4955
  4890
  4655
  4860
  4680
  5215
  4870
  4565
  4920
  4780
  4440
  4775
  4700
  4825
  4435
  4550
  4830
  4770
  4790
  5025
  4565
  4960
  5045
  4965
  4795
  4785
  4515
  4485
  4965
  4880
  4735
  4985
  4850
  4835
  4715
  4930
  5170
  4985
  4880
  4705
  4645
  4850
  4805
  4825
  4825
  4895
  4740
  4620
  4560
  4700
  4795
  4785
  4705
  4820
  4530
  4940
  4800
  4925
  4590
  5165
  4830
  4085
  4880
  4825
  4195
  4980
  4195
  3930
  4490
  4960
  5245
  5085
  4055
  4275
  5325
  5140
  5055
  4780
  4130
  4925
  4770
  4775
  4915
  4910
  4755
  4835
  4885
  4845
  4855
  4505
  5050
  5100
  4555
  4755
  4875
  4595
  4685
  4740
  5330
  4710
  5065
  4780
  4675
  5170
  4950
  4975
  4935
  4890
  5090
  4940
  5020
  4715
  4550
  4930
  4810
  5090
  4915
  4815
  4775
  4920
  5120
  4855
  4710
  4765
  4940
  4550
  4945
  4940
  4815
  4795
  4290
  5255
  4840
  4465
  4805
  4765
  4770
  4565
  4740
  4615
  4975
  4605
  4815
  4865
  4845
  4955
  4605
  4820
  5050
  4775
  5190
  4730
  4850
  4775
  4955
  4490
  4740
  5055
  4630
  4830
  4710
  4805
  4750
  4985
  4675
  4780
  4955
  4780
  4720
  4735
  4765
  4890
  4795
  4645
  4880
  4745
  4975
  4945
  4570
  4995
  4555
  4765
  4920
  4900
  4930
  4750
  4710
  4985
  4845
  4850
  4775
  5095
  4865
  4750
  4870
  4810
  5075
  4815
  4655
  4760
  4595
  5065
  5035
  4795
  4810
  4760
  4870
  4725
  4570
  4725
  4400
  4495
  4885
  4830
  4650
  4855
  5295
  4795
  4995
  5185
  4685
  4895
  5320
  5380
  4565
  5195
  4025
  5020
  4355
  5050
  4740
  4460
  4240
  5180
  4560
  3875
  5225
  4840
  4915
  5405
  4295
  5185
  4095
  4005
  4995
  4875
  4600
  4800
  4845
  4830
  4600
  4865
  4830
  4710
  4990
  5180
  4010
  4615
  5105
  4820
  4970
  4750
  5045
  4860
  5090
  4860
  4905
  4780
  4610
  4765
  4630
  4880
  4770
  4720
  5070
  4900
  4375
  4870
  4820
  4740
  4970
  4685
  4995
  5330
  4905
  4580
  4765
  4880
  4425
  4990
  4505
  4945
  4650
  4810
  4785
  4970
  4590
  5210
  4725
  4675
  4850
  5060
  5230
  5140
  4675
  4610
  4925
  4445
  5030
  4485
  5035
  5035
  4190
  5150
  4925
  4840
  4765
  5180
  4735
  4565
  5005
  4910
  4850
  4925
  4700
  4710
  4905
  4950
  4440
  4670
  4795
  4155
  4445
  4665
  4830
  5025
  4535
  4680
  4500
  4730
  4990
  4905
  4660
  5030
  4705
  5360
  4295
  4960
  4785
  4705
  4670
  4445
  4830
  4925
  4845
  4635
  5215
  4530
  4810
  4135
  4590
  4700
  4965
  4860
  4580
  4700
  4410
  4060
  4495
  5325
  4360
  4955
  4380
  4855
  4840
  4805
  4735
  5075
  4845
  4830
  4960
  3970
  5280
  4790
  4735
  4930
  4705
  4945
  4805
  4675
  4790
  4890
  4330
  4880
  4900
  4980
  4755
  4900
  4665
  4445
  5015
  4575
  4870
  4595
  5080
  4555
  4700
  5105
  4745
  5025
  4445
  4685
  4485
  4535
  4975
  4690
  4715
  4600
  5065
  4765
  4985
  4630
  4630
  4635
  4875
  4830
  4710
  4980
  4660
  4675
  4385
  5425
  5280
  4795
  4880
  4780
  4730
  4900
  4705
  4430
  5040
  3950
  4620
  4385
  4620
  4580
  4815
  4960
  5140
  4930
  4540
  4655
  5010
  4175
  4890
  5060
  4575
  4935
  4995
  4540
  5025
  4385
  5125
  5025
  4575
  4750
  4920
  4905
  4555
  4950
  4840
  4675
  5125
  4355
  4895
  4415
  4950
  4725
  4540
  4735
  4620
  4895
  4800
  4500
  4820
  4850
  4800
  4605
  4865
  4800
  4940
  4465
  4635
  4925
  4820
  4530
  4675
  4850
  4365
  5075
  4660
  4600
  4505
  3825
  4230
  4845
  4750
  4680
  4390
  4700
  4630
  5175
  4590
  5165
  5165
  4800
  5460
  5010
  4535
  4645
  4275
  5175
  5185
  4615
  5020
  3905
  5050
  4520
  4275
  5115
  5090
  4860
  4335
  4595
  4585
  4825
  4745
  4730
  4620
  4585
  4780
  5070
  5165
  4820
  4865
  4425
  5455
  4720
  5260
  5190
  4835
  4815
  4835
  4635
  4850
  4595
  4910
  4725
  4800
  4700
  5065
  4880
  5195
  4710
  4915
  4650
  4840
  4745
  4865
  4990
  4605
  5135
  4685
  4880
  4800
  4690
  4845
  4720
  4850
  4660
  5035
  4650
  4645
  4785
  4735
  4580
  4690
  5040
  5025
  5065
  4725
  4940
  4740
  4540
  4400
  5050
  4065
  4915
  4675
  4760
  5245
  4790
  4765
  5255
  4625
  4625
  5315
  4560
  4435
  5070
  5130
  4610
  4900
  4410
  4955
  4535
  5170
  4630
  4475
  4455
  4830
  4700
  4810
  4915
  4600
  4975
  4705
  4315
  4790
  4735
  5030
  4695
  4715
  4655
  4825
  4695
  4945
  4910
  5260
  5215
  4755
  4380
  4925
  4860
  4650
  4590
  4240
  4800
  5150
  5215
  4990
  5260
  4290
  3950
  4810
  4890
  3925
  4960
  4445
  5010
  4840
  4810
  4105
  4870
  4025
  4720
  5190
  4695
  5105
  4410
  5155
  4795
  4255
  4480
  4755
  5095
  4080
  4995
  4755
  4625
  5170
  5060
  4495
  4845
  4505
  5095
  4445
  4730
  4555
  4845
  4710
  5060
  4525
  4800
  4875
  5220
  4740
  4795
  4665
  5375
  4765
  5070
  4730
  5255
  4425
  4660
  5090
  4520
  4840
  5155
  4420
  5010
  4900
  5010
  4725
  4375
  4910
  4635
  5065
  5170
  5430
  4465
  4795
  4700
  5195
  4550
  4860
  4545
  4720
  4500
  5070
  4770
  5160
  4940
  4100
  5225
  4545
  5215
  4240
  4455
  3870
  4750
  4810
  4665
  4620
  4980
  4520
  5340
  4205
  4260
  4810
  4875
  4575
  4550
  3705
  4635
  5175
  4380
  5110
  4300
  4625
  4775
  4955
  4805
  4815
  5315
  4635
  4255
  4275
  4875
  5110
  4360
  5260
  4085
  4635
  4945
  4860
  4455
  5270
  5120
  4900
  4670
  4425
  5215
  5045
  5350
  5085
  4340
  4960
  4935
  4970
  5065
  4065
  4920
  4650
  4750
  5260
  4890
  5115
  5485
  5120
  4385
  4515
  4520
  4975
  4585
  4710
  5125
  5115
  4680
  4915
  4965
  4865
  4645
  4865
  4855
  4860
  4850
  4565
  5175
  4170
  5095
  4690
  4980
  4795
  4745
  4855
  5020
  4940
  4525
  4715
  4835
  4995
  5010
  3925
  4025
  4465
  4715
  4665
  4730
  4735
  4585
  4855
  5140
  4890
  4615
  4560
  4110
  4770
  4880
  5125
  4955
  4610
  4735
  5075
  4860
  4840
  5110
  5025
  4770
  4660
  5175
  4860
  4935
  4980
  4860
  4585
  4835
  4450
  5015
  4820
  4865
  4450
  4795
  4965
  4885
  4850
  4815
  4360
  5045
  4700
  5135
  4895
  4920
  4740
  4035
  4860
  4840
  4450
  4660
  4845
  4755
  4275
  4690
  4795
  4830
  3965
  4460
  5310
  4330
  5205
  4715
  5245
  5365
  4950
  5110
  4930
  4585
  4905
  4480
  4745
  4575
  5035
  5210
  4885
  4530
  4810
  4885
  4840
  4690
  4750
  4975
  4615
  4750
  5110
  4810
  4445
  4635
  4435
  5040
  5025
  4480
  4340
  4850
  4405
  4630
  5065
  4810
  4530
  5385
  4425
  4950
  5190
  4260
  4970
  4035
  4140
  3920
  3975
  4690
  4700
  5015
  4905
  4520
  4985
  4750
  5290
  4430
  4725
  5120
  4500
  4920
  4715
  4485
  5010
  4700
  4835
  4915
  4445
  4725
  4005
  4640
  4790
  4720
  4895
  5205
  4315
  4325
  4750
  5100
  5080
  3960
  4430
  4780
  5150
  5020
  5350
  5050
  5340
  5105
  4925
  4485
  5095
  4260
  5200
  5260
  5395
  4830
  4580
  4895
  4035
  5350
  4360
  4905
  4550
  4605
  4650
  5180
  4865
  5225
  4945
  4690
  4970
  5230
  5050
  4890
  4845
  4650
  4880
  4800
  5255
  4720
  4865
  4710
  4625
  4635
  4720
  4665
  4845
  4850
  5005
  5110
  4620
  4860
  4575
  5105
  4380
  5140
  4710
  5085
  4765
  5080
  4660
  4805
  4435
  4900
  4790
  4410
  4685
  5080
  5210
  3990
  4945
  4780
  5265
  4695
  4735
  4650
  5135
  5240
  5135
  5130
  4580
  5170
  5240
  4985
  4500
  4895
  5100
  4745
  5090
  4705
  5210
  5155
  4835
  5070
  4720
  4405
  4915
  4590
  4895
  4770
  4955
  4555
  4925
  5125
  4410
  5055
  5050
  4765
  4725
  4955
  5105
  4765
  4825
  4625
  5015
  4715
  4175
  5520
  4740
  4495
  5250
  4185
  4850
  5105
  5355
  3920
  4285
  4645
  5070
  5260
  4195
  4940
  5040
  4860
  4675
  4605
  4490
  4825
  5040
  5150
  4070
  5060
  5305
  4960
  4590
  4710
  4870
  4805
  4985
  4620
  4585
  4790
  5015
  5015
  4670
  4325
  5300
  4785
  4470
  4855
  4780
  4855
  4875
  4725
  4745
  4445
  4590
  4485
  4625
  5230
  5080
  4875
  4775
  4575
  5090
  4960
  4775
  4615
  4680
  4760
  4895
  4185
  4845
  4805
  4895
  4375
  4320
  4795
  4940
  4545
  4970
  5160
  4710
  4730
  5065
  4725
  5230
  4540
  4750
  4600
  4660
  4615
  4820
  5350
  4825
  4515
  4635
  4960
  4995
  4920
  4895
  4750
  5160
  4590
  4785
  4505
  4845
  4805
  5070
  4295
  5010
  4970
  4690
  5105
  4715
  5110
  4850
  5190
  5240
  4425
  4755
  4860
  4975
  4450
  4850
  4750
  4735
  4975
  4660
  4485
  5145
  4860
  4945
  4865
  4845
  4705
  4935
  4205
  4885
  4865
  4910
  4805
  4455
  4865
  4795
  4550
  4600
  4240
  4830
  4940
  5160
  4975
  4645
  4630
  5375
  4610
  5175
  4885
  5210
  4645
  4845
  5105
  4555
  4600
  4575
  4520
  4775
  4975
  4655
  4740
  4545
  4960
  4745
  4645
  4865
  5045
  4755
  4770
  4670
  4915
  4430
  4805
  4680
  4845
  4755
  4485
  5300
  4915
  4375
  5300
  4405
  4460
  5145
  5155
  5395
  5045
  5235
  5260
  3945
  5055
  4925
  4710
  5040
  4310
  5065
  4885
  4340
  5230
  5080
  4045
  5355
  4455
  5080
  4225
  5045
  5040
  4585
  5055
  4985
  4655
  5035
  4475
  4685
  4700
  5055
  4805
  4890
  4915
  4860
  5080
  4465
  5170
  4715
  4325
  5215
  4615
  4125
  4670
  5215
  4775
  4860
  4640
  4865
  4625
  5225
  4185
  4715
  5000
  5495
  4895
  4645
  4945
  4720
  5395
  4450
  5245
  4155
  4175
  5010
  4605
  4680
  4505
  5025
  4630
  5065
  4650
  5210
  4380
  5020
  5000
  4935
  4360
  4535
  5195
  5310
  4520
  5415
  4390
  3670
  3730
  5015
  4385
  4945
  4660
  5090
  4570
  4955
  4590
  5310
  4405
  4930
  4950
  4365
  5310
  4320
  5230
  5230
  5205
  4670
  4375
  3945
  4930
  4975
  4800
  4755
  4460
  5105
  4635
  4185
  4935
  4725
  4710
  4625
  4620
  4965
  4655
  4685
  4660
  4675
  4990
  4525
  4645
  4805
  4840
  5010
  4785
  4710
  4365
  4870
  4580
  4840
  4550
  5055
  4405
  5380
  4670
  4785
  3880
  4720
  5135
  5235
  4490
  4375
  5375
  4630
  3920
  5140
  4135
  5180
  4885
  4520
  4795
  5110
  4785
  4815
  4670
  4865
  4660
  4525
  4545
  4665
  4855
  4625
  4845
  4595
  4580
  4485
  4790
  4845
  4900
  4415
  4875
  4695
  4930
  4435
  5080
  4550
  4815
  4735
  4480
  4780
  4705
  4580
  4770
  4625
  4685
  4930
  4895
  4935
  4740
  4665
  4785
  4535
  4555
  5025
  4445
  4700
  4730
  4460
  4725
  4620
  4890
  4625
  4790
  4580
  4840
  4625
  4750
  4685
  4860
  4420
  4965
  4730
  4810
  4675
  4605
  4455
  5130
  4360
  5155
  4475
  4240
  4675
  4290
  4235
  3875
  5170
  4795
  4620
  4965
  5215
  5020
  4630
  4630
  4460
  4795
  4010
  4280
  5010
  4775
  4765
  4775
  4715
  5015
  5035
  4655
  4700
  4390
  4600
  4795
  4355
  4700
  4240
  4865
  4840
  4430
  4705
  4910
  4760
  4665
  4760
  4780
  4975
  4405
  4855
  4520
  4600
  4925
  4630
  4745
  4645
  5030
  4460
  4570
  4940
  4905
  4660
  4355
  4580
  4710
  4675
  4725
  4550
  4475
  4860
  5165
  4860
  4575
  4800
  4820
  4840
  4675
  5120
  5255
  5220
  4035
  5010
  4635
  4870
  4950
  4660
  4850
  4580
  4525
  5110
  4295
  5150
  4530
  4560
  4305
  5015
  4630
  4665
  4930
  4530
  4810
  4570
  4595
  4840
  4675
  4740
  4925
  4645
  4700
  4885
  4180
  5075
  4520
  5165
  4480
  5105
  4175
  4825
  4525
  5530
  5240
  5005
  4440
  5040
  4840
  4655
  4810
  4865
  4490
  4825
  4855
  4850
  4390
  5125
  4680
  4745
  4700
  4875
  4880
  4745
  4670
  4535
  5175
  4490
  5050
  4325
  5110
  4870
  4370
  5080
  5395
  4175
  4660
  5080
  5215
  5345
  5040
  5340
  5145
  5395
  5170
  4200
  3925
  4860
  4890
  5255
  4585
  4800
  4795
  4940
  4055
  4470
  4215
  4725
  4155
  4675
  5205
  5235
  4995
  4495
  4720
  4810
  4635
  4875
  5230
  4220
  4695
  4775
  4115
  5060
  4565
  4740
  5295
  4980
  4850
  5215
  4605
  4970
  4955
  4460
  4875
  4770
  4515
  4930
  5115
  4570
  5090
  4990
  3675
  5100
  5190
  4975
  4845
  3720
  3915
  4545
  5315
  4070
  4595
  5230
  4925
  5135
  5145
  4900
  4760
  4575
  4740
  4835
  4710
  4745
  4800
  4680
  5290
  4865
  4455
  4860
  4930
  4600
  4805
  4945
  4810
  4885
  4690
  4920
  4800
  4760
  5160
  4920
  4645
  4620
  4685
  4655
  4645
  4875
  4755
  4790
  4800
  4560
  4805
  4545
  4495
  4480
  4810
  4470
  4610
  4835
  4725
  4425
  4830
  4810
  4885
  4765
  4705
  4660
  4615
  4595
  4235
  4135
  4530
  5040
  4870
  4385
  4825
  4975
  5170
  4610
  5215
  4295
  4805
  4865
  4980
  3925
  4495
  5260
  4435
  5060
  4775
  4685
  4755
  4830
  4795
  4635
  4755
  4850
  4360
  4660
  4915
  5080
  4840
  4965
  4840
  4985
  4970
  4820
  5020
  4535
  4745
  4815
  4595
  4735
  4885
  4945
  4660
  4790
  4775
  4690
  5025
  4950
  4755
  4600
  5030
  4750
  5030
  4580
  4940
  4855
  4855
  4580
  4945
  4705
  4780
  4840
  4785
  5145
  4455
  4865
  4770
  4760
  4770
  4745
  4720
  5165
  4580
  4815
  4910
  4665
  5100
  4805
  5025
  4890
  4750
  5145
  4835
  4885
  4750
  4730
  4700
  4750
  5040
  5070
  5530
  5365
  5015
  4580
  5010
  4105
  5035
  4700
  4405
  4810
  5000
  4565
  4795
  4800
  4655
  4975
  5110
  5040
  4155
  5250
  5235
  4170
  5065
  5290
  4970
  5105
  4910
  4135
  4355
  4725
  4995
  4840
  5185
  4690
  4990
  5140
  4215
  5090
  5185
  3990
  4850
  4795
  4570
  4635
  5295
  5190
  4965
  4225
  4470
  5085
  5190
  4500
  5010
  4265
  5145
  4275
  5205
  4530
  5005
  5045
  4730
  4850
  4600
  4785
  4725
  4095
  4275
  4825
  4975
  4910
  4275
  4840
  4750
  5085
  4830
  4760
  4755
  4650
  4920
  4490
  4630
  4865
  4030
  4970
  4755
  4665
  4870
  4570
  4695
  4665
  4655
  5065
  4760
  4670
  4910
  4655
  5140
  4360
  4970
  4795
  5345
  5305
  4930
  5300
  4720
  5060
  4710
  5230
  5445
  4970
  5115
  4845
  4945
  4770
  4385
  4810
  5075
  4295
  5010
  4775
  4300
  5220
  3970
  5290
  4750
  5000
  4815
  4790
  4755
  4530
  4855
  4565
  5020
  4645
  5165
  4315
  5170
  5280
  4960
  4555
  5015
  4550
  4920
  4720
  4725
  5100
  5020
  4415
  3960
  5125
  5055
  5220
  4720
  4275
  5070
  5060
  4210
  4945
  4780
  4770
  4950
  4590
  4920
  4365
  5170
  5150
  4605
  4875
  4950
  4555
  5135
  4535
  5195
  4140
  4925
  5305
  4675
  4750
  4240
  5200
  4280
  5090
  4210
  5115
  5235
  4740
  5200
  4260
  4905
  4735
  4745
  4800
  3790
  4030
  4955
  5335
  4040
  4895
  5165
  5080
  5530
  5240
  5390
  4300
  4795
  4575
  4300
  4720
  5240
  5205
  4430
  4650
  4535
  4730
  4950
  4905
  4510
  4700
  5030
  4885
  4730
  5050
  4815
  4975
  4770
  4610
  4785
  5330
  4680
  5325
  4770
  5075
  4705
  4845
  4770
  4740
  4725
  4780
  4790
  4770
  4895
  4755
  5030
  4740
  4905
  4895
  4285
  4915
  4885
  4925
  4920
  4915
  5010
  4830
  4885
  4790
  4965
  4680
  4805
  4290
  4810
  5055
  4765
  4715
  4745
  4930
  4615
  4740
  4340
  4840
  5020
  4685
  4675
  4755
  4800
  4845
  4715
  4890
  4610
  4375
  4765
  4705
  4715
  4920
  4580
  5025
  4705
  4490
  4990
  5170
  4270
  4705
  4920
  5055
  4580
  4735
  4605
  5275
  4635
  5050
  4595
  4860
  4540
  4695
  4825
  4860
  4840
  4525
  4660
  4860
  4835
  4710
  4965
  4715
  4655
  4405
  4725
  4865
  4555
  5120
  4810
  4730
  4840
  4745
  4485
  5020
  4880
  4855
  4830
  5025
  4675
  4655
  5085
  3860
  5090
  5130
  4945
  4025
  4000
  5275
  4005
  5225
  5405
  5175
  5380
  5075
  4530
  4780
  4650
  4815
  4860
  4565
  4485
  5025
  4865
  4665
  4820
  4305
  4970
  4425
  4950
  4985
  4640
  5275
  5005
  5060
  5410
  5225
  4870
  4855
  5020
  4955
  5315
  4360
  5140
  5060
  4065
  3970
  4695
  5310
  5085
  5030
  4345
  4075
  4415
  5335
  4725
  4930
  5255
  4325
  4800
  5080
  4925
  4825
  4290
  4930
  4775
  4775
  4900
  4645
  4450
  5145
  4910
  5405
  4070
  4795
  4795
  4855
  4790
  4990
  4775
  4615
  4815
  5110
  4435
  4635
  4835
  5190
  4555
  3950
  5205
  4220
  5020
  4570
  5240
  3970
  3995
  5275
  4600
  4615
  5180
  4750
  4695
  5255
  4890
  5010
  5240
  4565
  5325
  4590
  4250
  5225
  5150
  5135
  5360
  5235
  4830
  4840
  4210
  4670
  4405
  5275
  4265
  3885
  4905
  5430
  4815
  5125
  4285
  5230
  4965
  4680
  5285
  5035
  4390
  4540
  5135
  4920
  4710
  5050
  5370
  4625
  4950
  5410
  4780
  4230
  5260
  5210
  4750
  4755
  4830
  4495
  4830
  5540
  4530
  5205
  4485
  4665
  5025
  4840
  4830
  5020
  4045
  4800
  5215
  4640
  4770
  5280
  5320
  4030
  5085
  4600
  4960
  5410
  4765
  5300
  4925
  5235
  5150
  5065
  4915
  5240
  5155
  5395
  4910
  4990
  4505
  4770
  5090
  4605
  3925
  4715
  5165
  5040
  4270
  4615
  4075
  4245
  4085
  3900
  4705
  4015
  3835
  3705
  4955
  4520
  4100
  4370
  5010
  4990
  4920
  5020
  4500
  4795
  4875
  4790
  5080
  5040
  3915
  3940
  4030
  4935
  5205
  5355
  5235
  5185
  4715
  5020
  4930
  4535
  5075
  4530
  4745
  5095
  4525
  4965
  4640
  4755
  4835
  4680
  5405
  5170
  5235
  4945
  5230
  5115
  4695
  4800
  3835
  4085
  4235
  4940
  4980
  4880
  4750
  4845
  4640
  5010
  4740
  4950
  4740
  4780
  4960
  4655
  4750
  4980
  5065
  5520
  4315
  5055
  4350
  5355
  4890
  4360
  4865
  5030
  4990
  4800
  4735
  4625
  4590
  4740
  4965
  4455
  4785
  5340
  4170
  5260
  4480
  5105
  4785
  4830
  4355
  5070
  4745
  4525
  4845
  4410
  5155
  5160
  4355
  4865
  5050
  4295
  4870
  5170
  4480
  5075
  4630
  4510
  4665
  4590
  5215
  4495
  4565
  4595
  4625
  4695
  4455
  5205
  4055
  4990
  4715
  4715
  5105
  4565
  5330
  4700
  4980
  4780
  4740
  4865
  4645
  5180
  4745
  4735
  4740
  4995
  4865
  4540
  5170
  4870
  4755
  4720
  4600
  4760
  4855
  4945
  4595
  4930
  4450
  4440
  4535
  5020
  4830
  5040
  4595
  4675
  4690
  4710
  4725
  4825
  4980
  4800
  4725
  4420
  5065
  4760
  4000
  4885
  4725
  5270
  4385
  5095
  4470
  4925
  4295
  4985
  5195
  4425
  4890
  4890
  4725
  5165
  4520
  4840
  4870
  4790
  4890
  4620
  4815
  4740
  4575
  4295
  5055
  4705
  4540
  4990
  4370
  4720
  4900
  5600
  4335
  5015
  5005
  4410
  4730
  4615
  4845
  3845
  4850
  4970
  5210
  4345
  5005
