     0
  4335
  5180
  4195
  4940
  5120
  3590
  5005
  5300
  3855
  4720
  4775
  4215
  5210
  4240
  4105
  5420
  4855
  4215
  5245
  4060
  4790
  5160
  3820
  4940
  4955
  4040
  5315
  4755
  3575
  5395
  4165
  4275
  5145
  3950
  4740
  5340
  3965
  4865
  5200
  3695
  5165
  5000
  4135
  5145
  4910
  4160
  5060
  4215
  4340
  5085
  4690
  3765
  5010
  4300
  4855
  5570
  3830
  4915
  5340
  3815
  5110
  4755
  4025
  5400
  4260
  4065
  5330
  4520
  4220
  5325
  4325
  4900
  5135
  3900
  5000
  4850
  4405
  5105
  3980
  4945
  5220
  3875
  4980
  4750
  4085
  5215
  3690
  4865
  5210
  3960
  5045
  4855
  4140
  5505
  3580
  5285
  5010
  3835
  5300
  4205
  4965
  4625
  4230
  5735
  3880
  5165
  4675
  4330
  5205
  3770
  5375
  4450
  4585
  5165
  4330
  5425
  3605
  5300
  4565
  4230
  5215
  3975
  5480
  3690
  5330
  4870
  4180
  5500
  3500
  5470
  4330
  4945
  4940
  4180
  5175
  3985
  5320
  3635
  5405
  4335
  4435
  5000
  3760
  5320
  3680
  5570
  3645
  5400
  4170
  4980
  4745
  4415
  5055
  4150
  5260
  3820
  5520
  3665
  5415
  3955
  5080
  4475
  4720
  4335
  4510
  4980
  3960
  5155
  3885
  5455
  3935
  5560
  3975
  5315
  4630
  4435
  5085
  3815
  5230
  3810
  5210
  3645
  5550
  3950
  5410
  4020
  5320
  3945
  5100
  4110
  5370
  4795
  4410
  5040
  3970
  5300
  4070
  5330
  3750
  5505
  3865
  5520
  3715
  5515
  3870
  5320
  4185
  5195
  3710
  5325
  3630
  5250
  4290
  4790
  4310
  4700
  4500
  4580
  4660
  4770
  4555
  4760
  5065
  4005
  5305
  3910
  4920
  4100
  5440
  3920
  5115
  3900
  5390
  3845
  5150
  3670
  5550
  3750
  5220
  4195
  5260
  3735
  5475
  3775
  5250
  4230
  4995
  4305
  4970
  4355
  4895
  4335
  5045
  3870
  5080
  4030
  5280
  3850
  5320
  4055
  5110
  3980
  5300
  3705
  5410
  3810
  5385
  3955
  5355
  3640
  5470
  3740
  5375
  3620
  5220
  4030
  5345
  3635
  5425
  3720
  5505
  3820
  5125
  4140
  4910
  4450
  4665
  4685
  4550
  5095
  4110
  5420
  3840
  5655
  4245
  5305
  3910
  5215
  3880
  5155
  3800
  5675
  3875
  5010
  4095
  5350
  4140
  4690
  4445
  4210
  5095
  3725
  5355
  3870
  5700
  3510
  5275
  3635
  5955
  3840
  5385
  4025
  4735
  4595
  4075
  5445
  3595
  5385
  3845
  5495
  3855
  5375
  3940
  4710
  4955
  4265
  5260
  3800
  5325
  4015
  5220
  3805
  5225
  3950
  4680
  5035
  3810
  5290
  3535
  5585
  3795
  5620
  3755
  5500
  3880
  4815
  4490
  4215
  5490
  3800
  5515
  3820
  5375
  3825
  5085
  4430
  4520
  5105
  3865
  5010
  3550
  5710
  3705
  5870
  3830
  5190
  4065
  4755
  4735
  4315
  5355
  3905
  5625
  3485
  5285
  3575
  5805
  3920
  5465
  3985
  4735
  4555
  4450
  5130
  4060
  5440
  3690
  5670
  3700
  5665
  3920
  5335
  3835
  5135
  4280
  4375
  5050
  3710
  5475
  3700
  5495
  3575
  5350
  3750
  5620
  4330
  4635
  4545
  3725
  5310
  3785
  5795
  3900
  5640
  3920
  5355
  4160
  4625
  4595
  3935
  5330
  3780
  5680
  3640
  5560
  3885
  5190
  4350
  4350
  4915
  4470
  4980
  3665
  5455
  3435
  5555
  3955
  4895
  4515
  3840
  5500
  3780
  5875
  3860
  5745
  3955
  5145
  4580
  4160
  5150
  4215
  5535
  4125
  5160
  4455
  4460
  5575
  3710
  5290
  3785
  5275
  3995
  4860
  5010
  4365
  4900
  3680
  5510
  4155
  5180
  4630
  4210
  5355
  4135
  5280
  3970
  4890
  4660
  3910
  5460
  3755
  5400
  3955
  5465
  4225
  4545
  5120
  3690
  5710
  3765
  5295
  4285
  4600
  4915
  3925
  5585
  3865
  4515
  4960
  4335
  5195
  3805
  5635
  4050
  4745
  5370
  3880
  5545
  3630
  5485
  4350
  4315
  5360
  3755
  5340
  4115
  4780
  4815
  3570
  5740
  4150
  4845
  4580
  3945
  5345
  3980
  4775
  4985
  4395
  5550
  3800
  5260
  4445
  4240
  5195
  3930
  5070
  4550
  4195
  5580
  3875
  5550
  4005
  4135
  5380
  3795
  5500
  4535
  3965
  5590
  3950
  4665
  5325
  3690
  5550
  4260
  4800
  4945
  4260
  5115
  4395
  4205
  5720
  3890
  5705
  4310
  4345
  5295
  3975
  4790
  4720
  3670
  5770
  3745
  5060
  4750
  4215
  5330
  4210
  4090
  5450
  3805
  5440
  4455
  4340
  5400
  4090
  4720
  4900
  4005
  5620
  4065
  4925
  4940
  4240
  5100
  4320
  3845
  5505
  3685
  5455
  4680
  4040
  5410
  3870
  4390
  5420
  3890
  5560
  4055
  4235
  5225
  4070
  4630
  4905
  3910
  5545
  4075
  4370
  5340
  3690
  5530
  4415
  4345
  5500
  4115
  4285
  5225
  3785
  5545
  4135
  4280
  5350
  4070
  4605
  5300
  3450
  5395
  4400
  4390
  5405
  3655
  5505
  4465
  3690
  5715
  4150
  4425
  5300
  4125
  5145
  4395
  4005
  5810
  3695
  5455
  4215
  4095
  5430
  4165
  4445
  5610
  3710
  5440
  4200
  4295
  5030
  4020
  4475
  5440
  3580
  5550
  4280
  4240
  5400
  3835
  5490
  4480
  4035
  5430
  3915
  4470
  5335
  3980
  5025
  4540
  3925
  5240
  3935
  4965
  4690
  4100
  5305
  4320
  4085
  5870
  3805
  5390
  4525
  3985
  5455
  4290
  4145
  5375
  4005
  4785
  5205
  3985
  5180
  4410
  4180
  5695
  3790
  4815
  4705
  3655
  5080
  4735
  3910
  5645
  3860
  4140
  5240
  3815
  5150
  4355
  4110
  4980
  4585
  3835
  5725
  3830
  4360
  5660
  3805
  4880
  5070
  3830
  5280
  4555
  4130
  5155
  4695
  3810
  5715
  3940
  4350
  5375
  3855
  4480
  5615
  3820
  5450
  4655
  4185
  5045
  4960
  3755
  5020
  4805
  3625
  5830
  4400
  3980
  5365
  4655
  3980
  5905
  4145
  4120
  5725
  4210
  4560
  5525
  4260
  4315
  5740
  4135
  4325
  5290
  3850
  4370
  5690
  4100
  4610
  5125
  4295
  4340
  5725
  4015
  4040
  5805
  4210
  4140
  5345
  4460
  3960
  5330
  4995
  3660
  5625
  4295
  4185
  4895
  4935
  3825
  4375
  5760
  3940
  4315
  5560
  4070
  4305
  5460
  4475
  4030
  5600
  4125
  4020
  4910
  5305
  3885
  4295
  5685
  3660
  4235
  5170
  4460
  3850
  5670
  4605
  3825
  4630
  5345
  4285
  3915
  5745
  4340
  3870
  5045
  4905
  4295
  4140
  5680
  4135
  3910
  5950
  4500
  3845
  4595
  5820
  4145
  4150
  5540
  4520
  3860
  4980
  5025
  4005
  4410
  5915
  4340
  3825
  5445
  4905
  4160
  4610
  5570
  4025
  4085
  5470
  4355
  3990
  4965
  4945
  4110
  4330
  5645
  4280
  3600
  5360
  4740
  4085
  4515
  5345
  4550
  4050
  5620
  4470
  4105
  4850
  5640
  3785
  3975
  5870
  4410
  3735
  5005
  4905
  4145
  4440
  5940
  3915
  4000
  6095
  4630
  3815
  4595
  5655
  3900
  4010
  5950
  4105
  3610
  5425
  4640
  4165
  4520
  5770
  4025
  3845
  5920
  4345
  4060
  5115
  4705
  4170
  4385
  5570
  4100
  4460
  5340
  4575
  3990
  5095
  4930
  4215
  5090
  5085
  4160
  4360
  5150
  4470
  3995
  5575
  4315
  4380
  4960
  4950
  3895
  4285
  5700
  3840
  4680
  5480
  4145
  4040
  5885
  4375
  3750
  5850
  4645
  3970
  4745
  5265
  3950
  4295
  5540
  4080
  4015
  5530
  4240
  4035
  4990
  5035
  3880
  4620
  5640
  3815
  4445
  5545
  4055
  4030
  5335
  4815
  3790
  4685
  5550
  3705
  5050
  5035
  4125
  4395
  5675
  4100
  4015
  5610
  4360
  4450
  4930
  5290
  3930
  4295
  5850
  3985
  4165
  5500
  4145
  3985
  4720
  5555
  3780
  4145
  6190
  4260
  3715
  5295
  4915
  4350
  4490
  5615
  4020
  4505
  5290
  4715
  3715
  4380
  5755
  3960
  4000
  5555
  4395
  4165
  4690
  5335
  3650
  4220
  6115
  4190
  3875
  5060
  4830
  4055
  4220
  5760
  4330
  3765
  5130
  5215
  4435
  4175
  4730
  5025
  4020
  4555
  5290
  4605
  4060
  4570
  5600
  4235
  4605
  5385
  4640
  3740
  4390
  5945
  4185
  3735
  4965
  4790
  4295
  4120
  4905
  5420
  3970
  4455
  5360
  5075
  4255
  4505
  5855
  4395
  3765
  4290
  5380
  4395
  4150
  4245
  5445
  4220
  3855
  4810
  5470
  4575
  4215
  5255
  4815
  4280
  4145
  4990
  5470
  4080
  4255
  4740
  5420
  4120
  3905
  4705
  5570
  4075
  3725
  5170
  5595
  4205
  3835
  4630
  5615
  4275
  3900
  5020
  5470
  4530
  4145
  4320
  5570
  4310
  4295
  4855
  5160
  4375
  3830
  4240
  5690
  4475
  4130
  4265
  5580
  4700
  4240
  4290
  5765
  4405
  4005
  4515
  5430
  4850
  4085
  4025
  5700
  4720
  3960
  3685
  5080
  5050
  4355
  4200
  5160
  4960
  4105
  4030
  4770
  5355
  4010
  3765
  5005
  5260
  4355
  3955
  4400
  5580
  4730
  4160
  4615
  5220
  4795
  4150
  4090
  4565
  5530
  4310
  4075
  4400
  5565
  4765
  4360
  4385
  4680
  5545
  4505
  3835
  4390
  5725
  4450
  4185
  3900
  4765
  5130
  4330
  4165
  4310
  5040
  5530
  4270
  3905
  4865
  5790
  4490
  4090
  4295
  5550
  4665
  4330
  4030
  4865
  5145
  4345
  4210
  4090
  5100
  5245
  4035
  4125
  4460
  5435
  4515
  4165
  4055
  5465
  4495
  4265
  4100
  4455
  5490
  4885
  4285
  4120
  4290
  5690
  4470
  4020
  4020
  5180
  5635
  4390
  4200
  4345
  5720
  4695
  4195
  3870
  4490
  5685
  4720
  4380
  4120
  4540
  5205
  4845
  4345
  3960
  4400
  5265
  4900
  4425
  4025
  4565
  5490
  4615
  4095
  4190
  4725
  5345
  4740
  3950
  4070
  5430
  5155
  4755
  4160
  4420
  5065
  4800
  4565
  4120
  4440
  4780
  5530
  4180
  4055
  4235
  5760
  4750
  3920
  4035
  4085
  5630
  4875
  4595
  4410
  4365
  5465
  4795
  4200
  3900
  4805
  5260
  4575
  4320
  4100
  4650
  5590
  4320
  4030
  4185
  5325
  5090
  4360
  3880
  4250
  5155
  4770
  4285
  3815
  4175
  5255
  4940
  4410
  3955
  4365
  4915
  5290
  4350
  4110
  4030
  5555
  4900
  4340
  4090
  4255
  5190
  5030
  4590
  3990
  4460
  5160
  5000
  4505
  3870
  4310
  5015
  5415
  4120
  3900
  4180
  5370
  4660
  4135
  4040
  4130
  5555
  4750
  4505
  4135
  4010
  5055
  5365
  4225
  3930
  4085
  5160
  5420
  4580
  4195
  3800
  4340
  5420
  4705
  4250
  3950
  4080
  5180
  4885
  4170
  4200
  4240
  4810
  5360
  4380
  4085
  3915
  4620
  5225
  4620
  4240
  4075
  4180
  5555
  4995
  4245
  3980
  4035
  4690
  5725
  4670
  4165
  4065
  4215
  5470
  4985
  4415
  3905
  4110
  4640
  5570
  4725
  4495
  4105
  4240
  5205
  5435
  4365
  4165
  3965
  4640
  5405
  4600
  4360
  4020
  4100
  5255
  5470
  4395
  4365
  4200
  4560
  5500
  4470
  3970
  4110
  4070
  5065
  5435
  4395
  4400
  3865
  4365
  5525
  4785
  4370
  4230
  4300
  4770
  5420
  4870
  4245
  3960
  4360
  4850
  5115
  4700
  4030
  4135
  4365
  4900
  5405
  4460
  4070
  4275
  5005
  5505
  4530
  4375
  4175
  4335
  4960
  5475
  4260
  4175
  4325
  4730
  5355
  4745
  4385
  3940
  4330
  4715
  5350
  4750
  3955
  4285
  4985
  5460
  4580
  4245
  4145
  4175
  5015
  5465
  4360
  4135
  3920
  4535
  5470
  5135
  4355
  4230
  4135
  4570
  5455
  4520
  4355
  3970
  4075
  4805
  5335
  4580
  4195
  4060
  4310
  5585
  4880
  4395
  4120
  4150
  4590
  5255
  4710
  4385
  4040
  4245
  4565
  5480
  4610
  3900
  4435
  4860
  5490
  4625
  4280
  4000
  4115
  4970
  5480
  4295
  4160
  3970
  4655
  5285
  4855
  4335
  4060
  4295
  4795
  5440
  4535
  4160
  4065
  4140
  5120
  5330
  4400
  4385
  3980
  4185
  5195
  4940
  4455
  4180
  4325
  4345
  5185
  4630
  4025
  4230
  4645
  5750
  4700
  4520
  4245
  4495
  4885
  5465
  4215
  3880
  4060
  4885
  5425
  4535
  4165
  3980
  4385
  5280
  5090
  4250
  4155
  4255
  4355
  5145
  4925
  4535
  4140
  4375
  4365
  5425
  4910
  4265
  3775
  4230
  4875
  5365
  4355
  4590
  4285
  4470
  5035
  5170
  4480
  4275
  4120
  4570
  5485
  5175
  4375
  4305
  4185
  4500
  4880
  5295
  4650
  4000
  4035
  4400
  5185
  5280
  4380
  4350
  4440
  4320
  4740
  4970
  4880
  4495
  4150
  4360
  5115
  5520
  4730
  4420
  4140
  4490
  4505
  4985
  5065
  4430
  4350
  4175
  4205
  5000
  5215
  4605
  4275
  4450
  4360
  4125
  5105
  5355
  4800
  4210
  4345
  4250
  4485
  5055
  5205
  4540
  4220
  4295
  4160
  4210
  4585
  5100
  5115
  4310
  4320
  4355
  4080
  4235
  4475
  4935
  5215
  4515
  4485
  4370
  4100
  4160
  4670
  5220
  5420
  4435
  4510
  4215
  4235
  4635
  4655
  5530
  5085
  4380
  4145
  4545
  4320
  4650
  5160
  5030
  4675
  4505
  4070
  4155
  4230
  4660
  4975
  5015
  4390
  4330
  4365
  4240
  4310
  4445
  4950
  5445
  4695
  4435
  4340
  4285
  4360
  4645
  4765
  5370
  5020
  4510
  4320
  3930
  4285
  4610
  5010
  5170
  4740
  4235
  4185
  4325
  4270
  4475
  5080
  5125
  4655
  4500
  3975
  4205
  4545
  4750
  5220
  5140
  4305
  4435
  4130
  4425
  4585
  5390
  4835
  4195
  4540
  4065
  4305
  4375
  4960
  5270
  4415
  4210
  4255
  4105
  4340
  5005
  5100
  4465
  4505
  4355
  4095
  4185
  4585
  5275
  4890
  4380
  4455
  4205
  4060
  4540
  4895
  5345
  4580
  4260
  4340
  4060
  4470
  4980
  5055
  4690
  4340
  4255
  4375
  4860
  5425
  4770
  4395
  4160
  4070
  4085
  4575
  5365
  5295
  4790
  4385
  4275
  4385
  4645
  4935
  5220
  4990
  4460
  4155
  4335
  4870
  5300
  5035
  4545
  4080
  4060
  4555
  4910
  5320
  4640
  4605
  4000
  4275
  4695
  5260
  4830
  4585
  4115
  4335
  4380
  4695
  5370
  5065
  4450
  4195
  4110
  4485
  5215
  5215
  4420
  4340
  4130
  4535
  4510
  4840
  5155
  4600
  4400
  4190
  4350
  4560
  5270
  5455
  4650
  4355
  4315
  4130
  4430
  4590
  5380
  5055
  4380
  4200
  4235
  4200
  5035
  5230
  4900
  4300
  4320
  4030
  4185
  4615
  5215
  4935
  4960
  4490
  4060
  4370
  4455
  4825
  5380
  4745
  4390
  4325
  4235
  4355
  4715
  4485
  5225
  5085
  4600
  4420
  4255
  4145
  4320
  5000
  5435
  4755
  4170
  4585
  4320
  4580
  4555
  4685
  4915
  5270
  4785
  4445
  4385
  4110
  4400
  4615
  5040
  4795
  5095
  4775
  4345
  4230
  4130
  4390
  4595
  4750
  4790
  5105
  4960
  4800
  4655
  4535
  4265
  4380
  4485
  4440
  4760
  5005
  5060
  4850
  4435
  4750
  4460
  4335
  4505
  4570
  4625
  4780
  4600
  4610
  4855
  5055
  4840
  4485
  4475
  4585
  4460
  4395
  4410
  4405
  4825
  4805
  4900
  4965
  4790
  4965
  4430
  4475
  4490
  4290
  4295
  4200
  4435
  4570
  4375
  4785
  4975
  4595
  4710
  4725
  4730
  4860
  4495
  4355
  4550
  4130
  4265
  4525
  4525
  4310
  4360
  4570
  4960
  4750
  4930
  5035
  4605
  4350
  4555
  4565
  4560
  4590
  4470
  4270
  4635
  4530
  4800
  4845
  5035
  4850
  4720
  4725
  4500
  4265
  4525
  4405
  4480
  4425
  4520
  4590
  4510
  4550
  4730
  4715
  4845
  4850
  4720
  4810
  4560
  4420
  4645
  4555
  4365
  4405
  4300
  4585
  4540
  4415
  4655
  4740
  4890
  4935
  4930
  4505
  4680
  4555
  4515
  4410
  4210
  4265
  4445
  4255
  4425
  4440
  4660
  4975
  4645
  4920
  5005
  4695
  4695
  4710
  4340
  4375
  4400
  4380
  4340
  4480
  4530
  4445
  4560
  4585
  4855
  4770
  4770
  4930
  4735
  4995
  4485
  4400
  4540
  4225
  4340
  4280
  4485
  4505
  4510
  4635
  4305
  4695
  4845
  5075
