     0
  9530
  9825
  9380
  9940
  9750
 10025
  9915
 10015
  9800
 10375
 10105
  9795
 10350
 10155
  9335
 10630
  9830
  9970
  9035
  9870
 10150
  8975
 10655
  9615
 10365
  8895
 10125
 10060
  9795
  9785
  9915
 10135
  9740
 10130
  9630
  9925
 10345
  9930
 10015
 10415
 10120
 10060
  9915
 10275
 10175
 10125
 10180
 10160
 10105
 10260
  9930
 10265
  9930
 10140
 10110
  9620
  9745
  9385
 10010
 10250
  9910
 10050
  9875
 10465
 10120
 10025
  9830
 10805
  9905
  9705
 10390
 10415
  9485
 10890
 10075
 10680
  9595
 10630
 10230
  9700
 10490
 10390
 10030
 10080
 10100
 10200
 10275
 10105
 10205
 10030
 10010
 10255
 10295
 10140
  9955
 10080
  9620
 10035
 10165
 10110
 10355
 10025
 10180
 10425
 10060
 10085
 10235
  9990
 10140
 10435
 10350
 10385
  9890
 10075
 10650
 10270
  9945
 10670
 10120
  9880
 10690
  9775
 10425
 10750
  9825
  9745
  9960
 10470
  9555
 10700
 10230
  9800
 10145
  9840
 10825
 10200
  9830
 10690
 10195
 10500
 10145
 10285
  9890
 10370
 10500
 10235
  9610
 10025
  9870
 10115
 10040
 10080
 10140
 10305
  9355
 10815
  9695
 10285
 10125
  9895
 10500
 10670
 10110
 10190
 10140
 10295
 10135
 10125
 10190
 10070
  9865
 10130
  9855
  9950
 10095
 10070
 10130
 10400
  9735
  9745
 10145
  9990
 10045
  9900
 10165
  9700
 10595
  9670
  9945
 10085
  9445
 10375
 10355
 10490
  9875
 10150
 10585
 10065
  9750
 10140
  9740
  9965
 10260
 10010
  9675
 10065
  9480
  9910
  9915
 10285
 10110
 10000
  9950
 10200
 10130
  9765
  9575
 10435
 10220
 10100
 10025
 10585
  9875
 10135
 10155
  9195
 10150
  9840
  9995
  9765
  9580
 10295
  9515
 10095
 10020
 10140
  9870
  9475
  9885
  9780
  9665
 10090
  9885
 10680
  9990
  9605
 10285
 10060
 10000
  9330
 10435
  9340
 10645
  9805
  9550
 10030
  9915
  9460
 10015
  8935
 10735
  9735
  9430
 10005
 10085
  9600
 10650
  9310
 10075
  9555
 10430
  9860
 10190
 10310
 10175
  9835
 10250
 10365
  9915
 10095
 10235
 10620
 10305
 10265
 10105
  9905
 10005
 10615
  9950
 10185
 10150
 10010
 10040
 10285
 10035
  9940
 10410
 10190
 10500
 10105
 10350
 10370
 10195
 10450
 10550
  9995
 10680
 10675
 10570
 10495
 10570
 10445
 10470
 10350
 10315
 10260
 10050
 10330
 10735
 10510
 10530
 10605
  9905
 10490
 10730
 10415
 10590
 10490
 10465
 10330
 10190
 10435
 10395
 10310
 10670
 10080
  9885
 10265
 10080
  9935
 10200
  9495
 10320
  9905
  9815
  9735
  9555
  9950
  9900
  9445
 10025
  9950
  9875
  9750
 10020
  9295
 10650
  9840
 10050
  9720
 10055
  9705
  9620
  9990
 10265
  9975
 10150
  9770
  9925
  9580
  9820
  9555
  9595
  9660
 10050
  9880
 10145
  9850
  9985
  9800
  9595
  9785
 10130
 10015
  9455
  9900
 10110
 10100
 10070
 10300
 10040
  9750
 10430
 10080
  9940
  9310
 10065
  9750
  9970
  9290
  9920
  9045
 10190
  9090
  9285
  9485
 10325
  9310
 10435
  9830
 10140
  9250
  9285
 10810
  9585
  9645
  9425
  9210
 10465
  9880
  9385
  9860
  9065
  9180
  9005
  9455
 10235
 10140
 10345
 10280
  9425
  9515
  9365
  9760
  9745
  9175
  9565
  9275
  9700
  9585
  9815
  9475
  9385
  9590
  9495
  9645
  9260
  9450
  9440
  9610
 10210
 10410
 10470
 10285
 10225
 10465
  9630
  8745
  8860
  8675
  9125
  9510
  9365
  9975
  9290
 10030
  9280
 10570
  9340
  9855
 10090
 10225
  9725
 10640
 10230
 10290
 10215
  9940
 10060
 10695
 10085
 10070
 10675
 10770
  9900
 10655
 10740
 10170
 10085
  9970
 10195
 10170
  9920
  9790
 10035
 10670
  9540
  9675
 10465
  9485
 10135
  9980
 10555
  9730
  9945
 10670
  9885
  9865
  9975
 10170
  9935
 10065
  9680
  9620
  9975
  9555
  9885
  9800
 10255
 10485
 10325
  9970
  9960
  9705
 10240
  9970
  9730
 10830
 10345
  9720
 10570
  9855
  9955
  9895
 10165
  9405
  9870
  9525
  9825
 10210
  9335
 10320
  9435
  9785
 10215
  9960
  8750
 11040
  9430
 10295
  9635
 11125
  9465
  8775
  9520
 10480
  9510
  9935
  9015
  9725
 10890
  9290
  8935
 10670
  9470
 10030
  9575
 10330
  9345
  9700
 10040
  9905
  9450
  9880
  9420
  9825
  9630
 10180
  9720
 10545
  9865
  9980
  9800
 10230
  9965
  9960
  9860
 10940
 10145
 10470
  9460
 10460
  9350
 10390
  9785
 10040
 10185
  9625
 10870
  9520
 10925
 10055
 10180
 10315
 10610
  9990
  9965
 10385
  9875
  9630
 10070
 10055
  9810
  9930
  9755
 10295
  9755
  9945
 10365
  9945
 10330
 10345
  9720
 10595
 10360
 10165
 10940
 10055
 10330
  9980
  9785
 10735
 10275
  9615
  9690
 10125
  9145
 10375
 10420
  9175
 10290
  9390
  9845
  9755
 10295
  9860
  9245
 10200
  9600
  9380
  9625
 10455
  8890
 10585
 10170
  9520
 10160
  9905
  9360
 10375
 10165
  9510
  9980
  9570
  9800
  9585
  9570
  9940
  9175
 10135
  9265
 10340
  9335
  9850
  9335
  9535
 10125
  9460
 10405
 10065
  9450
 10135
  8815
 10330
  9665
  9410
 10715
  9580
 10175
  9815
  9780
 10055
  9965
  9805
  9910
 10695
  9790
 10140
 10005
 10320
  9645
  9895
 10215
 10445
  9550
  9870
 10245
  9860
  9645
 10040
  9830
  9735
  9735
  9600
 10015
  9875
 10125
 10290
  9740
  9980
 10105
 10205
  9760
  9950
  9265
 10575
  9695
 10055
 10095
 10205
 10230
  9615
  9765
  9510
  9795
 10050
  9760
  9430
  9685
  9510
  9865
  9515
  9870
  9720
  9710
  9785
  9860
  9765
 10050
  9750
 10130
  9920
  9895
  9555
  9595
 10445
  9935
  9870
 10395
 10175
  9910
 10245
  9720
 10155
 10340
  9680
 10310
 10310
  9750
  9775
  9530
 10110
  9885
  9990
  9970
  9765
  9820
  9835
  9405
  9515
 10115
  9235
 10400
  9260
 10720
  9945
  9345
 10060
  9570
  9910
  9645
  9560
  9240
 10115
  9045
 10080
  9520
  9835
 10350
  9730
  9570
  9555
 10375
  9840
  9710
  9680
 10020
 10350
 10095
  9860
  9700
 10290
 10085
 10050
 10025
  9900
  9705
 10070
 10090
  9935
  9870
 10545
  9520
  9910
  9950
  9460
  9920
  9305
  9740
 10035
  9005
 10080
  9340
  9460
  9485
  9845
  9200
  9760
 10000
  9380
  9500
  9590
  8490
 10630
  9360
  9395
  9615
 10040
  8725
 10455
  9925
 10040
  9450
  8500
 10420
 10600
  9060
  9720
  9830
  9720
  8830
  8565
  8620
  8835
  8435
  8670
  8545
  8280
  8540
  8565
  9015
  8910
  9170
  9335
  9940
 10425
  9220
  8410
  9200
  9215
 10065
 10675
  9275
  9085
  9850
  9480
 10165
 10100
  8980
  9400
 11300
  9905
  8850
 10315
 10260
 10065
 10485
 10115
 10255
 10415
  9670
 10040
 10395
 10020
 10240
 10275
 10235
 10450
 10250
 10510
 10125
 10170
 10870
 10305
 10145
  9995
 10285
 10490
  9900
 10240
 10075
 10435
 10230
 10200
 10370
 10005
  9825
 10500
 10180
 10445
 10105
 10025
 10175
 10265
 10480
 10255
 10360
 10370
 10280
 10130
 10770
 10350
  9430
 10570
  9715
  9410
  9960
  9865
  9720
 10295
  9955
 10605
  8890
 10780
  9215
 10570
  9255
 10795
  9715
  9355
  9655
 10565
 10105
  9900
 10190
  9045
  9455
  9590
 10830
 10525
 10460
 10805
  9915
 10665
 10655
 10510
 10135
  8855
  9090
  8850
  9595
  9575
  9795
 10280
 10525
  9265
  9380
  9845
  9790
 10585
  8880
  9760
 10240
  9575
  9970
 10435
 10490
 10060
 10665
 10365
 10235
  9750
 10560
  9165
  9855
 10465
  9600
 10210
  9925
 10855
 10010
 10125
 10170
 10445
  9550
 11090
  9280
 10455
  9860
  9930
 10470
  9850
 10485
  9430
 10450
 10260
  9950
 10930
 10180
  9575
 10505
 10055
 10100
 10175
 10030
 10035
 10320
  9535
 10055
 10100
 10170
  9855
  9935
  9840
 10130
  9970
  9685
  9680
  9815
 10005
  9830
  9720
  9970
 10750
 10125
  9800
 10230
 10360
  9900
  9905
 10155
 10355
  9410
 10330
  9820
  9780
 10285
  9975
  9840
 10205
 10145
 10065
 10185
  9715
 10435
 10180
 10010
 10325
  9765
 10020
 10180
  9560
 10485
  8930
 10365
  9475
  9760
  9295
 10020
  9300
 10250
  9585
  9345
  9855
  9860
  9135
  9915
  8750
 10390
  9170
  9390
  9405
  9825
  9165
 10340
  9500
 10335
  8860
 10715
  9420
  9830
 10180
 10485
  9180
  8720
 10530
  9660
  9760
  9920
  9705
 10270
  9920
 10030
  9400
  9590
  9650
 10045
 10160
 10215
  9870
 10210
 10100
 10345
  9750
  9655
 10400
 10165
  9760
  9700
 10170
  9940
 10160
 10035
  9950
  9875
 10020
 10115
  9935
  9880
 10265
  9940
 10170
 10195
 10295
 10080
 10395
  9880
  9715
  9950
 10460
 10350
 10020
  9840
 10065
 10200
  9965
  9440
 10015
 10030
 10045
  9845
 10145
  9480
  9915
  9680
  9535
  9510
 10080
  9780
 10430
  9815
  9815
  9985
  9720
  9795
  9815
  9490
  9790
  9225
  9995
  9830
  9695
  9875
 10265
 10100
 10055
  9780
  9670
  9795
  9435
 10180
  9755
  9675
  9500
 10010
  9970
  9820
  9790
  9235
 10320
  9980
  9925
  9875
 10130
  9685
 10285
  9795
  9485
  9830
 10030
  9975
  9210
  9790
  9560
  9125
 10030
  9050
 10485
  9355
  9535
  9735
  9605
  8815
 10470
  9000
  9355
  9385
 10455
  8855
 10865
  9280
  9875
  8410
 10815
  9790
  8950
  9505
  9900
  9790
 10025
  9675
  8805
  8975
 10420
 10130
  9475
  9665
  9785
  9090
  9745
  9055
  8830
  8985
 10105
 10160
 10010
 10190
 10165
 10055
 10190
 10240
 10035
 10335
 10345
  9035
  8480
  8695
  8935
  9080
  9395
  9470
  9655
  9430
  9970
 10100
  9010
  9005
  9800
  9665
  9900
  9795
  8895
  9485
 10005
 10250
  8885
  9310
  9725
 10080
  8880
  9735
 10115
  9445
  9655
  9840
  8980
  9400
 10185
  9190
  9475
  9955
  9160
 10255
  9430
  9825
  9855
  9260
 10155
  8930
  9850
  9665
  9725
  9830
  9470
  9635
  9230
 10010
  9565
  9460
  9980
  9405
  9895
  9105
  9880
  9200
  9670
  9995
  9625
 10240
  9370
 10135
  8530
  9925
  9040
  9315
  8595
  9770
  8920
  9495
  9155
  9460
  9425
  9365
  9205
  9345
  9050
  9840
  8570
  9990
  9375
  9610
  9155
  9965
  9050
  9815
  9230
  9460
  9005
 10245
  8840
  9935
  9185
  9920
  8880
 10070
  9150
  9775
  8865
  9685
  9340
  9350
  8830
 10055
  8825
  9560
  9495
  9385
  8685
  9975
  9165
  9790
  9185
  9820
  9395
  9305
  9665
  8545
  9485
  9890
 10055
 10745
  9055
  8915
  8770
  8580
  9000
 10010
 10930
  9905
 10280
 10045
  9960
 10125
 10305
 10100
  9750
  9950
  9975
 10235
 10830
  9870
 10210
 10900
  9680
  9985
  9875
 10270
 10485
 10245
 10550
 10325
 10720
 10275
 10525
 10375
 10240
 10750
 10475
 10370
 10605
 10075
 10415
 10715
 10420
 10405
 10770
 10065
 10585
 10750
 10145
  9930
 10495
 10130
  9965
 10570
 10775
 10005
 10655
  9680
 10660
  9960
 10420
 10325
 11275
  9970
 10740
  9870
 10740
  9655
 10315
 10780
 10500
 10215
 11165
 10195
  9735
 10385
 10095
 10365
 10085
  9355
 10125
  9590
  9935
  9780
  9560
  9945
  9105
 10280
  9650
 10020
  9455
  9705
  9935
  9620
  9615
  9980
  9170
  9845
  9790
  9625
  9270
  9420
  9375
  9800
  9680
  9820
  9620
  9955
  9785
 10175
  9340
  9700
  9530
 10190
 10100
  9905
  9970
  9620
  9705
  9895
  9785
 10060
 10280
 10000
  9595
  9910
  9730
 10015
 10090
  9825
  9820
  9920
 10025
 10105
  9545
  9875
 10505
 10050
  9425
 10845
  9870
  9710
 10635
  9885
  9940
 10210
  9695
 10495
  9070
 10550
  9885
  9955
 10365
  9925
 10295
  9730
  9930
 10085
  9945
 10055
 10725
  9825
 10330
  9960
  9760
 10660
 10155
  9720
 10155
  9890
  9860
  9555
  9705
  9660
  9900
  9910
  9800
 10045
  9960
  9450
  9730
 10185
 10085
  9445
  9755
  9950
 10260
  9550
  9700
  9920
 10100
 10125
  9870
 10020
  9860
  9790
  9900
 10145
  9650
  9775
 10060
  9955
  9865
 10135
  9560
 10100
  9410
  9605
  9490
  9690
 10075
  9735
 10100
  9525
  9980
 10040
  9410
  9620
  9945
  9950
  9775
  9555
 10360
 10300
  9465
 10465
  9600
  9920
 10215
  9665
  9380
  9725
 10145
  8670
  9895
  9160
  9835
  9410
  9405
  9575
  9420
  9940
  9285
  9885
  9150
  9290
  9805
 10000
  9005
  9860
  9260
  9805
  9630
  9790
 10250
 10235
  9175
  9805
 10495
  9755
 10620
 10300
  9375
 10670
  9970
 10090
 10190
  8595
 10590
  9335
  9850
 10050
 10085
  9070
 10555
 10070
 10270
  9720
 10125
 10400
  9560
 10365
  8945
 10245
 10550
  8985
 10350
  9340
  9465
 10170
 10145
  9165
  9965
  9425
 10215
  9850
  9935
  9655
 10015
  9515
 10400
  9945
 10120
 10035
  9985
  9870
  9665
 10085
  9500
 10260
  9805
 10400
  9845
  9940
  9845
 10065
  9810
 10435
  9925
 10195
  9350
 10535
  9105
 10255
  9645
 10300
  9570
  9760
  9845
  9715
 10200
 10035
 10000
 10190
  9850
 10135
 10170
  9175
 10710
  9725
  9675
  9905
  9675
 10235
  9290
  9745
 10795
 10300
  9530
  9730
  9510
  9890
 10760
 10710
  9715
 10195
  9780
  9090
  8605
  9815
 11175
 10820
  9720
  9810
  9735
 10095
  9475
  9680
  9720
  9610
  9410
  9470
  9250
  9515
  9555
  9375
  9445
  9490
  9580
  9825
  9520
 10005
  9500
  9830
 10645
 10170
  9200
  8945
  9185
  9690
 10170
 10380
  9940
  9750
  9610
  9545
  9835
  9755
 10245
 10130
  9860
 10115
 10360
  9690
  9905
 10010
 10340
  9520
  9880
  9905
  9865
 10055
 10885
 10965
 10790
 10855
 10395
 10640
 11060
 10810
 11245
 11010
 10845
 10010
 10055
 10105
  9245
  9165
  9715
 10745
  9765
  9150
  9225
  9320
  9400
  8925
  9075
  8815
  8830
  8995
  9080
  9075
  9510
  9545
  9630
  9865
 10075
  9985
 10230
  9995
  9790
 10095
  9540
  9930
  9545
  9775
  9960
  9890
 10760
 10610
 10400
 10735
 10535
 10130
  8685
  9025
  8705
  8920
  8755
  9005
  9435
  9775
  9395
 10160
  9640
 10535
  9680
  8850
  9455
  9550
  9845
 10160
 10235
  8965
  9305
 10015
 10115
  9655
  9020
  9320
  9795
 10280
  9150
  8965
  9535
 10450
  9005
  9850
  9875
  9760
  9030
  9500
 10300
  8805
  9715
 10155
  8960
  9955
 10220
  9315
  9605
 10015
  9170
 10015
  9790
  9665
 10440
  9735
  9470
 10050
 10040
 10715
 10815
 10435
 10415
 10620
 10155
 10400
 10590
 10095
  9425
  9205
  9700
 10975
 11200
 10795
 10395
 10740
 10715
  9900
  9710
 10860
 10555
 10760
  9995
  9425
 11450
  9625
  9690
 11045
 10170
  9630
  9850
 10380
 10345
 10580
  9180
  9600
 10925
  9830
  9480
 10000
 10470
  9520
  9995
  9475
  9280
 10780
 10845
  9455
 10155
  9985
  9805
  9605
  9335
  8875
  8610
  9015
  8755
  9205
  9020
  8855
  8775
  9060
  9495
  9115
  9400
 10080
  9745
  9915
 10595
 10355
  8715
  9190
  9565
 10040
  9920
 10225
  8870
  9100
  9570
 10130
 10115
 10215
  8975
  9450
  9980
 10150
  9360
  9520
  9685
 10260
  9115
  9320
  9715
 10245
  9395
  9415
  9955
 10090
  9255
  9655
 10125
  9300
  9575
  9935
  9980
 11140
 10810
 10665
  9230
  9480
  9220
  9200
  9140
 10620
 10670
 11435
 10975
 10910
 11030
 11015
 10550
 11010
 10935
 10560
  9965
  9470
 10165
 10155
  9650
  9815
 10205
 10755
  9875
 10005
  9890
  9960
  9450
  9355
  9735
 10365
 10115
 10205
  8745
 10590
  9210
  9330
 10205
  9730
  9580
 10165
  9065
 10685
  9525
  9795
 10000
  9325
 10060
  9440
  9765
  9495
  9550
  9615
  9225
  9955
  9045
 10360
  9265
  9645
  9835
  9900
  8185
 10790
  9180
  9685
  8885
 10720
  9570
  8495
  9900
  9930
  9230
  9470
  8850
  9495
 10595
  9685
  9195
  9185
  8765
  9910
  9875
  9580
  9425
  8615
  8690
  8985
  9890
  9965
  9275
  9620
  9645
  9860
  9515
  9410
  9070
  9300
  9045
  8780
  8665
  8995
  9185
 10360
 11000
  9335
 10320
  9290
 10045
 10375
  9080
 11100
  9445
  9720
 10310
 10400
  9480
  8795
 10980
  9675
  9470
  9645
  9480
 10220
 10040
 10250
  8705
  9110
 10655
  9830
 10155
  9700
  8475
 10070
  9460
  9225
  9095
  9775
  9550
  8505
 10145
  9125
  9675
  9430
 10300
  8880
  9420
  9695
 10020
  8385
 10550
  9185
  9490
  9715
 10260
  9215
  9705
  9620
 10550
  8990
 10860
  8970
  9790
  9285
 10265
  9230
  9245
 10130
  9970
  9685
  8375
 11105
  9655
  9460
  9505
 10035
  8730
  9935
  9160
  9910
  8605
 10610
  9050
  9200
  9180
  9545
  9345
 10115
  9540
  8500
 10135
  9935
  9290
  9810
  9260
  8760
 10285
  9750
  9675
  9165
  9620
  8640
  9230
 10400
 10585
 10650
 10160
  9440
  9410
  9385
  9545
  9475
  9385
  9620
  9705
  9860
  9765
  9600
  9640
  9065
  9070
 10085
 10235
 10175
 10390
 10365
 10220
 10355
 10250
 10650
 10010
 10125
 10520
 10365
 10255
  8785
  8325
  8515
  9160
  9285
  9460
  9585
 10200
  8595
  8700
  9570
  9585
 10255
  9495
  9170
  9520
  9920
  9690
  8945
  9775
  9825
  9215
 10045
  8995
  9735
 10035
  8965
 10155
  9245
 10145
  8965
  9520
  9420
  8585
 10325
  9435
 10340
  9050
  9620
  9250
  9160
  9865
  9575
  9145
  9640
  9275
  9845
  9050
  9835
  9405
 10175
  9075
 10430
  9285
  9965
  9800
  9695
 10065
 10360
 10060
  9245
  8940
  9300
 11140
 10750
 10540
 10390
 10655
 10660
 10925
 10520
 10660
 10230
 10145
  9675
  9880
  9890
  9245
  8855
  9705
 10295
 10070
  8405
 10300
  9375
  9370
  9995
  9530
  9775
  9490
  9400
  9050
  9995
  9820
 10380
  9450
 10010
 10100
  9610
 10280
  9870
  9330
 10110
  9345
  9570
 10095
  9995
  9905
  9975
  9780
  9695
  9650
 10005
  9895
  9530
  9530
 10240
 10110
  9845
  9870
  9365
  9770
  9810
  9455
 10215
  9530
  9915
  9810
  9785
  9620
  9345
  9905
  8780
 10355
 10035
  9970
  9095
 10110
  9695
  9415
 10250
  9440
  9580
  9245
 10420
  9790
  9735
 10000
 10095
  9270
  9940
  9575
 10275
  9700
  9970
  9390
  9670
 10230
 10055
  9985
  9445
 10165
  9965
  9725
  9565
  9950
 10055
  9810
  9830
  9945
 10065
  9745
  9855
  9945
  9935
 10165
 10200
  9605
  9955
  9740
 10080
  9975
 10370
  9895
  9800
  9805
 10290
  9750
 10140
  9960
  9810
  9945
 10095
  9485
  9675
 10295
 10150
  9475
 10660
 10125
  9525
 10615
  9950
  9870
 10400
  9880
  9970
 10510
  9840
 10500
 10075
  9840
 10175
  9620
 10385
  9705
  9315
 10430
  9930
 10190
  9870
  9775
 10025
  9835
  9870
  9345
  9815
 10115
 10065
  9320
  9855
 10295
  9985
  9750
  9620
  9775
  9765
  9535
  9700
  9730
  9800
  9620
 10205
  9690
  9985
  9820
 10160
  9340
 10805
  8745
 10370
  9805
  9490
 10150
  9800
  9755
 10150
  9650
  9320
  9670
  9530
  8870
 10370
  9090
  9050
 10100
  9740
  9290
  8360
  9790
 10255
  9095
  9170
  9960
  9770
  9165
 10325
  9305
 10480
  9590
  9910
 10240
  9795
  9755
 10460
  9345
 10965
  9620
 10070
 10410
 10620
  8860
 10895
  9760
 10060
 10115
 10755
  9695
  9530
  9820
 10580
 10565
 10655
  9260
  9515
 10805
 10570
 10835
 10225
  8765
 10635
 10010
  9235
  9895
  9930
 10340
  9395
 10490
  9265
  9995
  9295
  9825
 10110
  9750
 10205
  9785
  9240
 10325
  9265
 10280
  9925
  9820
  9915
  9520
  9915
  9385
 10055
  9660
  9735
  9990
 10055
  9435
  9520
  9495
  9830
  9575
 10270
  9030
 10025
  9270
  9400
  9850
 10300
  9055
 10095
  9590
 10205
  8575
 10355
  9430
  9250
  9500
  9710
  9775
 10120
  9270
  8320
 10630
 10190
  9570
  9615
  8955
  8790
 10880
  9960
  9455
 10030
  8810
 10360
 10320
  9710
  9250
 11040
  9315
  9455
 10425
 10310
  8975
  9960
 10455
  9865
 10270
  9965
  8885
 10815
 11310
 10035
 10050
 10235
 10045
 10100
  9235
  9595
  9555
  9510
  9585
  9500
  9220
 10025
 10000
  9790
  9955
 10190
  9460
 10150
 10855
 10640
 10665
 10200
 10350
 10355
  9290
  9690
 10485
  9505
 10020
  9475
  9595
  9990
  9360
 10470
  9455
  9215
 10090
 10080
  9575
 10155
  9565
 10475
  9965
  9185
  9260
  9325
 10065
  8850
 10530
  9445
  9380
  9910
  9245
  9985
  9430
  9365
  9885
  9875
  9230
  9365
  9815
  9760
  9340
  9830
  9540
  9180
  9820
  9705
  9575
 10025
  9835
  9325
 10395
  9490
  8755
  9955
  9570
  9200
  9635
  9415
  9635
  8675
  9705
  8955
  9590
  9395
  9370
  9870
  8730
  9645
  9090
  9110
  9380
  9510
  8625
 10225
  9285
  9430
  9185
 10340
  8870
  8820
  9760
  9790
  8865
  8410
 10530
  9185
  9535
  8465
  9850
  9195
  9790
  8520
  9180
 10225
  9410
  9600
  9155
  8355
 10020
 10240
  9055
  9445
  8895
  8280
  9595
  9950
  9435
  9230
  9760
  9270
  8685
  8630
  8645
  9780
 10255
  9790
  9660
  9255
  8920
  8870
  9265
  9210
  9500
  9490
  8860
  9495
  9045
  8960
  8960
  9190
  8995
  8895
  9000
  9000
  9365
  9330
  8850
  8505
  8690
  9070
  8940
  9100
  9565
  9110
  9120
  9065
  9405
  9165
  9360
  9965
  9860
 10320
  9505
  8055
  8435
  8690
  9010
  9275
  9415
  9375
  9120
  9975
  9630
  8640
  8695
  9310
  9530
 10175
  9440
  8655
  9205
  9165
 10335
  9035
  9200
  9610
  9660
  9670
  8465
  9095
  9195
 10175
  8980
  9340
  9320
 10460
  8650
  9010
  9135
  9940
  8405
  8745
  9595
  9660
  9005
  9695
  9925
  9200
  9715
  9715
  9140
  9550
  9720
  9130
 10105
  9255
  9370
  9820
  8975
  9590
  9070
  9325
  9920
  9700
  9665
  8530
  9800
  8830
  9505
  8350
  9385
  9520
  8890
  9500
  9355
  9560
  8950
  9045
  9355
  8360
  9755
  9005
  9630
  8840
  9610
  8800
  9305
  9205
  9270
  9400
  9600
  9120
  9590
  9400
  8575
  9330
  9955
  8400
  9785
  9150
  9150
  8855
  9860
  8980
 10045
  9505
  9075
  8660
  9905
  8395
  9685
  9265
  9250
  9595
  8585
  9940
  8865
  9095
  8755
  9090
  8710
  9605
  8635
  9505
  8680
  9185
  8895
  9065
  9260
  8905
  9725
  8700
  9605
  8480
 10010
  9235
  9320
  9780
 10045
  8615
  8855
  9285
 10615
 10760
  9150
 10150
  9780
  9935
 10050
  9455
 10000
 10150
  9820
  9950
  9645
  9795
  9430
  9875
  9685
 10280
 10330
  9660
 10405
  9840
 10065
  9925
  9860
 10015
  9380
 10225
 10485
 10110
 10000
 10170
 10570
  9345
 10460
 10375
 10090
 10275
 10205
 10005
 10190
 10405
  9915
  9970
 10405
  9770
 10225
 10165
  9880
  9700
 10150
  9005
  9890
  9905
  9640
  9955
  9555
  9515
  9540
  9675
  9415
  9210
  9410
  8885
  9525
  8975
 10130
  9045
  9735
  9630
  9215
  9425
  9610
  9650
  9270
  9245
  9105
  9470
  9425
  9395
  9790
  9535
  9410
  9070
  9545
  9645
  9610
  9440
  9560
  9475
  9165
  9350
  9600
  8995
 10275
  9005
 10375
  9335
  9425
  8970
  9450
  8765
  9700
  8535
  9390
  9175
  9890
  9090
  9435
  9125
  9555
  9795
  9740
  9565
  9590
  9510
  9475
 10230
  8980
 10470
  9710
  9925
  9535
 10565
  8935
  9845
  9920
 10335
  8775
  9145
 10965
  9215
  8410
 10505
  9370
  9605
  9500
  9885
 10340
  8910
 10100
  9720
 10210
  8840
 10485
  8935
  9895
  9695
  9250
  9620
  9080
 10075
 10120
  8960
 11085
  9495
  9510
  9775
  9885
  8840
 10370
  9260
  9585
  9675
  9985
  8510
 11065
  8990
  9735
  9000
 10420
  9480
  9235
  9730
 10200
  9220
  8675
 10865
  9000
  9350
  9610
 10070
  9095
  9665
 10120
  9765
  9005
  9970
  9315
  9695
  9675
 10165
  8725
 10475
  9495
  9410
  8855
  9730
  9905
  9855
  9915
  8405
  9370
 10705
 10180
  9215
  9695
  9780
  9365
  9125
 10050
  9190
  9740
  8390
 10385
  9780
  9590
  9275
  9385
  8450
  9915
 10590
  9690
  9130
  9615
  9770
  9460
  8665
  8560
  8580
  8525
  9625
 10175
 10275
 10530
 10440
 10210
 10125
 10165
  9715
  8695
  8520
  8490
  8500
  8335
  8525
  8490
  9415
  9440
  9335
  9405
  9205
  9525
 10165
 10065
  8815
  8320
  9290
  9200
  9510
  9215
  9985
 10065
  8450
  8620
  9280
  9495
  9680
 10370
  8505
  9385
  9580
  9650
  9715
  9205
  9315
  9640
 10370
  8715
  9440
 10050
  9330
  9205
  9810
 10110
  9045
  9555
  9635
  9260
  9610
 10280
  9085
  9880
  9570
  9260
  9180
  9725
 10070
  8415
  9945
 10465
  8825
  9335
 10150
  8995
  9570
  9685
  9390
  9725
  9010
  9525
 10105
  9190
 10035
  9345
  9975
  9730
  9430
 10025
  9355
 10235
  9605
  9705
  9625
  9590
 10225
  9260
  9160
  9775
  9510
 10810
  8780
  8640
  8580
  8605
  8810
  9765
 10315
  9655
  9595
 10355
 10330
  9355
 10510
  9495
 10310
  9580
  9870
  9755
  9950
 10055
 10425
  9460
 10435
 10040
  9935
 10140
  9965
 10105
 10025
 10075
  9450
 10375
 10065
 10045
  9770
 10495
 10200
  9950
 10055
 10360
 10220
 10295
 10020
 10275
 10360
 10055
 10275
  9885
 10275
 10025
 10360
 10050
 10290
 10720
  9985
 10350
 10590
  9865
 10580
 10690
 10080
 10255
 10440
 10560
 10285
  9830
  9920
 10080
  9815
 10020
 10085
 10165
  9825
  9635
 10215
  9825
  9805
  9820
 10145
  9885
  9675
  9895
  9655
  9915
  9820
  9685
  9540
 10005
  9800
  9590
 10135
  9860
  9555
 10185
  9750
  9945
  9530
  9695
  9525
  9520
  9780
  9610
  9475
  9880
  9820
  9520
  9465
 10125
 10150
  9805
  9690
  9490
  9660
  9625
  9495
  9420
 10030
  9900
  9605
  9925
  9860
  9885
  9210
  9750
  9860
  9310
  9980
  8510
  9780
  9215
 10055
  9780
  8950
 10395
  9085
  9410
  9375
 10005
  8815
  9480
 10110
  9420
  9980
  9105
  8435
 10600
 10020
  9370
  9590
  9585
  8470
  8595
  9205
  9990
 10140
  9625
  8830
  9515
  9285
  9340
  9670
  9340
  9225
  9380
  9150
  8825
  9295
  9230
  9395
  9130
  9145
  9240
  9835
 10525
 10225
  9580
  8290
  8350
  8680
  9415
  9005
  9335
  9450
  9225
 10025
  9655
  8115
  8640
  9320
  9265
 10175
  9680
  8735
  8945
  9650
 10045
 10250
  8650
  8910
  9660
  9765
  9340
  8840
  9595
  9585
  9580
  9185
 10025
  9715
  9210
  9360
  9055
  9155
  9590
  9630
 10100
  9750
  9925
  9720
  9700
  9440
  9585
  9630
  9525
  9555
 10365
 10335
 10025
 10235
 10105
 10690
  9915
  9980
  9705
  9620
  9335
  9410
 10180
 10580
 10890
 10925
 10040
  9695
  9525
  9290
  9920
 10275
 10290
 10260
 10615
  9890
  8805
  8850
  8640
  8745
  9380
  9140
  8450
  8655
  8780
  9940
  9900
  9945
  9480
  8335
 10275
  9675
  8975
  8895
 10310
  9085
  9555
  9205
  8535
  9560
 10520
  9180
  9710
  9275
  9895
  9380
  9520
 10555
  9210
  9225
  9595
  9690
 10180
  8700
  9325
 10085
  8950
  9920
  9490
  9755
  9045
 10565
  9045
 10045
  9420
  9585
  9615
  9580
  9490
  9240
  9180
 10370
  8535
 10325
  9285
  9810
  9720
  9515
 10145
  9465
  9840
  9585
  9595
  9935
  9465
  9275
  8905
  9365
  9785
  9510
  9480
 10080
  8465
 10075
  9200
  9815
  9410
  8630
  9765
  9430
  9840
  9185
  9295
  9035
  9595
  8395
  9915
  8725
  9460
  8385
  9395
  9015
  9420
  9240
  9135
  9530
  8840
  9425
  8780
  9855
  8820
  8825
  9370
  9615
  8715
  9610
  8720
  9470
  9400
 10180
  8275
 10030
  8570
  9065
  9470
  9800
  8335
  9950
  9180
  9025
  9010
  9895
  8885
  9200
  9150
  9720
  8570
 10080
  8820
  9160
  9385
  9815
  8400
  9420
  8925
  9575
  8195
 10245
  8780
  9415
  8920
  9755
  8685
  9110
  9165
  9445
  7875
 10555
  8820
  9215
  8775
  9705
  9100
  8700
  8465
  9640
  9170
  9340
  8860
  8515
  8725
 10450
  9800
  8940
  9705
  8930
  8535
  8135
  8690
  9670
  9985
  9690
  8635
  9590
  9335
  8635
  8925
  8560
  8435
  8820
  9755
  8915
  9310
  8115
  8965
 10250
  9660
  9485
  9180
  9405
  9060
  8330
  8295
  9700
  9430
  9550
  9315
  9435
  9200
  8870
  9250
  8285
  8620
  8065
  8695
  9870
  9665
 10045
  9720
  8675
  9715
  8990
  9140
  9185
  8305
  8235
  9075
 10515
  9825
  9815
  8875
  9290
  9565
  8700
  8565
  8515
  8445
 10325
  9820
  9925
  9345
  9675
  9125
  8855
  8625
  8545
  8410
  9190
 10020
  9865
  9150
  8780
  9170
  9260
  9215
  9335
  8960
  8585
  8370
  8180
  8315
  8700
  9890
 10030
  9875
 10035
  9865
  9890
  9895
  9660
  9495
  8945
  9145
  8710
  8835
  8505
  8805
  8485
  9370
  9930
  9840
  9710
  9990
  9820
 10095
  9845
  9480
  8825
  8440
  8385
  8650
  8295
  8355
  8910
  9250
  8815
  9100
  9275
  8960
  9150
  9615
  9920
  8545
  8855
  8880
  9410
  9725
  9770
  8130
  8895
  9050
  9410
  9540
  8440
  9240
  9250
  9835
  8420
  9345
  9675
  9405
  8985
  8970
  9805
  8865
  8900
  9610
  8725
  9375
  9635
  8945
  9350
  9505
  9170
  9245
  9470
  9205
  8850
  9590
  9665
  9050
  9495
  9280
  8805
  9645
  9195
  9060
  9475
  8865
  9110
  9895
  8550
  9080
  9075
  9445
  9540
  8740
  9825
  8805
  9050
  9485
  8885
  9595
  9125
  9445
  8890
  8995
  9915
  8660
  9485
  9500
  9480
  9380
  9140
  9915
  9060
  9890
  8975
  9010
  9315
  9405
  9765
  8770
  9395
  9280
  9440
  9840
  8565
  9280
  9395
  9735
 10105
 10410
  8805
  8295
  8700
  8580
  8870
  9080
 10185
  9580
  9945
  9655
  9990
  9180
 10365
  9605
  9715
  9930
  9425
 10170
  9895
  9630
 10260
  9350
 10485
  9450
  9535
 10370
  9950
 10260
  9065
 10475
 10055
 10050
  9840
  9495
 10465
 10035
  9705
 10500
 10125
  9505
  9835
  9755
  9580
  9465
 10095
  9865
  9850
 10455
 10210
  9890
 10180
  9405
  9710
  9875
 10605
  9275
 10925
 10135
  9470
  9830
 10015
  9960
  9845
  9920
  9690
 10355
  9700
  9645
 10400
  9705
  9330
 10010
  9665
 10125
  9930
  9670
  9935
 10085
  9520
 10180
 10125
  9855
 10485
  9545
  9625
  9830
 10130
  9975
  9855
  9915
  9760
 10295
  9800
  9880
  9950
  9615
 10365
  9835
  9630
 10580
 10000
 10665
  9875
  9630
 10565
 10265
  9665
 10170
  9940
  9440
 10270
 10535
 10075
 10015
 10000
  9940
 10160
  9745
  9885
 10080
  9670
  9925
  9995
 10180
 10135
 10080
 10335
  9690
  9720
 10505
 10205
  9840
 10145
 10300
 10270
  9490
  9700
 10315
 10315
  9675
  9790
 10370
  9540
 10725
 10090
 10470
 10515
 10005
  9515
 10065
  9840
  9550
  9955
 10235
  9245
 10095
 10000
 10210
 10125
  9770
 10060
 10205
 10095
  9565
 10100
 10330
  9475
  9900
 10235
  9660
  9975
 10265
  9875
 10475
  9895
  9640
  9375
 10315
  9740
  9685
  9500
 10135
  9130
 10060
  9225
  9965
  9105
  9500
  9190
  9725
  9495
  9430
  9670
  9480
  9650
  9170
 10155
  9155
 10035
  9115
 10050
  9250
  9730
  9490
  9065
 10115
  9285
 10060
  9280
  9925
  9830
  9905
  8480
 10895
  9425
  9400
  9095
 10030
  9735
  9885
  9825
  8900
  9210
 10775
  9920
  9660
  9770
  9510
  8655
  9105
  9370
 10670
 10405
 10140
 10060
 10090
 10240
  9900
 10185
 10180
 10340
 10350
 10215
  9940
  8410
  8540
  8600
  8380
  8395
  8265
  8760
 10465
  9965
  9815
 10100
  9160
  8970
  8850
 10165
  9915
 10050
  9675
  9300
  9395
  9545
 10170
  9525
  9735
  9330
  9070
  9430
  8995
  8995
  9990
  9955
  9475
  9790
  9310
  9850
  9265
 10320
  9620
 10410
  9310
 10365
  9910
  9415
 10310
 10000
  9210
 10145
 10385
  9070
 10640
  9475
 10365
  9755
 10030
  9305
  9610
 10300
  9810
 10255
 10570
  9775
 10520
 10110
 10430
  8985
  9870
 10995
  9900
 10585
  9230
 10560
  9950
 10010
  9560
 10140
 10340
  9370
 10835
  9520
  9965
  9775
 10255
  8910
 10285
  9065
 10400
  9050
 10210
  8895
 10365
  9285
  9345
  9910
 10190
  9395
  9950
 10175
  8770
 10385
  9540
 10325
  9855
  9790
  9955
  9600
 10370
  8820
 10485
  9315
  9545
  9465
  9750
  9215
 10190
  8645
  9840
  9290
  9325
  9610
  9030
  9925
  9190
  9780
  9135
  9110
  9790
  9775
  8345
 10045
  8950
  9270
  9370
  9875
  8385
 10345
  8995
  9345
  8920
 10155
  9175
  8240
  9760
  9615
  8895
  9460
  7985
  9695
  9825
  9690
  8915
  9175
  8975
  8290
  9570
 10055
  9710
  9075
  9460
  9255
  9230
  8845
  8900
  9100
  8970
  9145
  9040
  9100
  9005
  9045
  9115
  9050
  9460
  9090
  8950
 10060
  9905
 10225
  9185
  8445
  8260
  8470
  8990
  9185
  9160
  9990
 10245
  8655
  8555
  9310
  9580
  9180
 10185
  9725
  8600
  9040
  9520
  9465
 10080
  9530
  8990
  9140
  9570
  9615
 10190
  8540
  9240
  9135
 10195
  9025
  8825
  9320
  9600
  9265
  8955
  9590
 10055
  8805
 11150
  9805
  9800
 10005
 10640
  9270
 10350
  9905
  9445
  9960
  9105
  9580
 10915
 10350
  9735
  9680
  9460
  8775
 10635
 10775
 10185
  9265
  9800
  9675
 10230
  8645
 10555
  9545
  9735
  9330
 10250
  8735
 10430
 10080
  9010
 10630
  9420
  9275
  9810
  9730
  9355
  9560
  9750
  8760
 10835
  9245
  9480
 10170
 10115
  8630
 10740
  9310
  9400
  9435
 10445
  9100
  8365
  9775
 10095
  9310
  9865
  8830
  9715
  9780
  9735
  8590
  9070
  9975
  9605
  9885
  9025
  8620
 10905
  9810
  9325
  9475
  8635
  9310
  9910
  9580
  9120
  9225
  8595
  9790
 10075
  9720
  9275
  9465
  8775
  9705
 10355
  9370
  9395
  9475
  8680
  9695
 10365
  9905
  8995
  9930
  9800
  9320
  9520
  8670
  9985
 10145
  9580
  9220
  8905
  9120
  9825
  9985
  9680
  8900
  8925
 10440
  9600
  9580
  9535
  9850
  9565
  8890
  8530
  8420
  9340
 10225
  9960
 10010
  9190
  9490
  9170
  8680
  9870
  9985
 10030
  9065
 10095
 10505
  9440
  8950
 10130
  9400
  9135
  9190
  9040
  9630
  9545
  9135
  9160
  9180
  9010
  8835
  8460
  8490
  8545
  8470
  8650
  9665
 10075
 10375
 10295
 10040
  9830
  9885
  9915
 10020
  9995
 10330
 10080
 10135
 10075
 10315
  9755
  8450
  8780
  8485
  8255
  8735
 10320
  9700
  9590
  8280
  8345
  8365
  8680
  9130
  9080
  9510
  9275
  9970
  9725
  9125
  8155
  8415
  8285
 10390
  9340
  9315
  9335
 10200
  9775
  8940
  8570
  9340
  9285
  9455
  9945
  8770
  8980
  9350
  9985
 10070
  9360
  8655
  9365
  9585
 10130
  8935
  9025
  9370
 10020
  9320
  8940
  9550
  9295
 10005
  8510
  9120
  9575
  9820
  9600
  8870
  9650
 10440
  8780
  9305
  9460
  9725
  8750
  9385
  9895
  9230
  9330
  9460
  9720
  8910
  9225
  9695
  9845
  8820
  9585
 10270
  8805
  9390
 10335
  8800
  8920
  8650
  8560
  7895
  9120
  9720
  9150
  9185
  9860
  9220
  9250
  9515
  9240
  9900
  8815
  9535
  9120
  9740
  9630
  9480
  9725
  9445
  9770
  9095
 10040
  9165
  9470
  9000
  9795
  8415
  9600
  8590
  9635
  8700
  9135
  8755
  8925
  9080
  9340
  9255
  8995
  9560
  8900
  9715
  8695
  8990
  9140
  9260
  8750
  8970
  8770
  9080
  8840
  9085
  9505
  8840
  9105
  9650
 10160
  8970
  9965
  9830
 10100
 10060
  9925
 10435
 10360
  9915
  9885
 10230
 10065
  9030
 10330
 10090
  9400
  8465
  8760
  8835
  8445
  9420
 10090
  9735
  9410
  9820
  8795
  9505
  8945
  8825
  8950
  8505
  8595
  8385
  8800
  8540
 10055
 10400
 10160
 10445
  9705
  9480
 10035
  8760
  8580
  8520
  9695
  9690
  9545
  9220
  9465
  9655
  9605
  9325
  9290
  8985
  8905
  8870
  8425
  8650
  8765
 10025
 10000
 10320
  9730
  9220
  9450
  9160
  8815
  8465
  9925
  9715
  8775
  9585
  9495
  9010
  8755
  9625
 10150
  9395
  8950
  9295
  8565
  8855
 10090
  9650
  9140
  9330
  8490
  9595
  9750
  9080
  9525
  9150
  8585
  9090
  8505
  8545
  8330
  9280
 10015
  9910
  9660
  9790
  9660
  9550
  9830
  9780
  9940
 10040
 10130
  9760
  9835
  9740
 10000
  9095
  8290
  9105
  9205
  9210
  8950
 10145
  8625
  8860
  9490
  9865
  9845
  8565
  9230
  9920
  9235
  9120
  9490
 10065
  8690
  9450
  9680
  8360
  9740
  9255
  9190
  9165
  9575
  9565
  8720
  9820
  9420
  8790
  9705
  8550
  9105
  9790
  9040
  9225
  9430
  8950
  9870
  9180
  9275
  9365
  8925
  9440
  8510
  9440
  8880
  9545
  9210
  9495
  9175
  9260
  9245
  9265
  8700
  9360
  9445
  8300
  9700
  8695
  8775
  8875
  9290
  8250
  9750
  9115
  9720
  9625
  8770
  8890
  9005
  9580
  7880
  9675
  8920
  8610
  9440
  8605
  9820
  8940
  9375
  9845
  9050
  9795
  9005
  9475
  9865
  8290
  8640
  8810
  9350
  9265
  9195
  9855
  8540
  9720
 10040
  8590
  9255
  9795
  8535
  9270
  9040
  8545
  9155
  9705
  8635
  9560
  9380
  8535
  9355
  9880
  8900
  9165
  9560
  8875
  9235
  9680
  8825
  9390
  9805
  8740
  9575
 10020
  9075
  9280
  9870
  9100
  9180
  9730
  8840
  9425
  9400
  9145
  9725
  9470
  9000
  9120
  9950
  9120
  8950
  9485
  8870
  9320
  8995
  9175
  9625
  8880
  9355
  9815
  8630
  9295
  9540
  9170
  9290
  9150
  9415
  9480
  8755
  9420
  9585
  8530
  9000
  9605
  8535
  9410
  9075
  9035
  9980
  9150
  8975
  9850
  8890
  9340
  9850
  8745
  9395
  9130
  8640
  9390
  9795
  8625
  9065
  9360
  9585
  9190
  9490
  9245
  9720
  8965
  9310
  9010
  9075
  9505
  8575
  9735
  9145
  9485
  9850
  9075
  9580
  9080
  9445
  9400
  9120
  9570
  8965
  8960
  9850
  9040
  9240
  9670
  8835
  9735
  9115
  8615
  9925
  9355
  9320
  9665
  8775
  9390
  8835
  9300
  9845
  8905
  8890
  8770
  9770
  8720
  9145
  9255
  9495
  8580
  9040
  9545
  9000
  9310
  8030
 10175
  9030
  9825
  9045
  9550
  8035
  9405
  9370
  8565
  9600
  9125
  8820
  9060
  9325
  8285
  9690
  9115
  9150
  8670
  9220
  8180
  9875
  8640
  8900
  8820
  9675
  8345
  9590
  8335
  9390
  8170
  9625
  8480
  9245
  8240
  9275
  8485
  9015
  8800
  8965
  8495
  8940
  8940
  8820
  9385
  8675
  9300
  8405
  8850
  8545
  8930
  8875
  8880
  8760
  9350
  9350
  9050
  8385
  8970
  8650
  8920
  8725
  8980
  8445
  9915
  8355
  9050
  8825
  9090
  8580
  9585
  8525
  9425
  8720
  9210
  8430
  9510
  8520
  9555
  9135
  8825
  9540
  9095
  9110
  9260
  8780
  8495
  9415
  9030
  9140
  8845
  9640
  8465
  9585
  8715
  9780
  7895
  9375
  8600
  9490
  8650
  9460
  8715
  9370
  8680
  9310
  8675
  9845
  8580
  9125
  8970
  9020
  8460
  9210
  8795
  9585
  8600
  9535
  8840
  8930
  9175
  8625
  8530
  9495
  8790
  8395
  9445
  8530
  9000
  8935
  9065
  8655
  9195
  8815
  8955
  9335
  8745
  8795
  9370
  8960
  8705
  8815
  8685
  8815
  8930
  9140
  8460
  9035
  9030
  8690
  8690
  9335
  8665
  8930
  9275
  8970
  8755
  8960
  9510
  8850
  8800
  8890
  8570
  8830
  8650
  9075
  8780
  8805
  9110
  8500
  9000
  9030
  9040
  8890
  9065
  8920
  8760
  8990
  8920
  8525
  8795
  8500
  8630
  8685
  8655
  8485
  8490
  8770
  8905
  8620
  8880
  8970
  8850
  8720
  9115
  8735
  8485
  8800
  8870
  8900
  8955
  8535
  8935
  8645
  8670
  8555
  8660
  8725
  8640
  8860
  8595
  9160
  8885
  8815
  8955
  8910
  8350
  8765
  8650
  9325
  8685
  8835
  8885
  8965
  8590
  8840
  8865
  8705
  8805
  8820
  8555
  8870
  8945
  9125
  8400
  8960
  8730
  8790
  9300
  8745
  8725
  8680
  9065
  9070
  8705
  8705
  8695
  8610
  9010
  9120
  8885
  8755
  9075
  9055
  8880
  8580
  8905
  9090
  8835
  8965
  9040
  8985
  8960
  8590
  9260
  8825
  9040
  9040
  8885
  9070
  8555
  8760
  8735
  8715
  8625
  8790
  9095
  8935
  9155
  8780
  9015
  8915
  8505
  8825
  8825
  8880
  9010
  8910
  8955
  9180
  8865
  9195
  9060
  8500
  9065
  8980
  8780
  9305
  8900
  8930
  8640
  8865
  8890
  8935
  8620
  9280
  9105
  8810
  9050
  8840
  9135
  8900
  8685
  8895
  8905
  8875
  9120
  8875
  9130
  8725
  9100
  8850
  8835
  9220
  8485
  9085
  9030
  9035
  8765
  8860
  9135
  9100
  9005
  8855
  9150
  9120
  9165
  9005
  9365
  8715
  9295
  8935
  8845
  9260
  8915
  8910
  9065
  9055
  9125
  8980
  9170
  8930
  8970
  9115
  9040
  9035
  9110
  8770
  8925
  8815
  8820
  9050
  8740
  8995
  9140
  8810
  8560
  8870
  8760
  8935
  8925
  8445
  8895
  8710
  9220
  8860
  8735
  9085
  8790
  8680
  9060
  9110
  8710
  8700
  9005
  8980
  9055
  8795
  8600
  8905
  8515
  8520
  8755
  8925
  9260
  8925
  8690
  9120
  8595
  8940
  8750
  8960
  9045
  8925
  9105
  8720
  8800
  8620
  8445
  8985
  8540
  8965
  8960
  8760
  8935
  8665
  9120
  8625
  8930
  8855
  8800
  8745
  8925
  8800
  9135
  8660
  9375
  8775
  8520
  9005
  8735
  8730
  8690
  8970
  9310
  9100
  9285
  9010
  8740
  8775
  8920
  8585
  9295
  8615
  8725
  9130
  8605
  8955
  8940
  9155
  9100
  8800
  8580
  8740
  8880
  9105
  8865
  9125
  9165
  8770
  8680
  8935
  9175
  9250
  8885
  8730
  9135
  8790
  8925
  9170
  9065
  8970
  9085
  8755
  9215
  9150
  8290
  9325
  8995
  7895
  9090
  8810
  8240
  8945
  8620
  8410
  8610
  9105
  8110
  8940
  8870
  8095
  8985
  8710
  7955
  9130
  8930
  8440
  8980
  8805
  8155
  9135
  8890
  8415
  8815
  9475
  7855
  9225
  9020
  9045
  8845
  8135
  8720
  8685
  8855
  8805
  8080
  9105
  8755
  8725
  8520
  9700
  8775
  9530
  9105
  9345
  9405
  9280
  9230
  9420
  9030
  9625
  8740
  9875
  9010
  8960
  9735
  9140
  8985
  9385
  9530
  9715
 10330
 10750
  9130
 10210
  9385
  9375
  9860
  9280
  9770
  9725
  9015
  9770
  9225
  9980
  9135
  9935
  9605
 10480
 10040
 10015
  9840
 10305
 10205
 10185
 10465
  9565
  9705
 10120
  9930
 10375
 10440
 10100
 10010
 10150
 10020
 10065
 10275
 10020
 10195
 10200
 10425
 10110
  9850
 10055
  9950
  9715
 10085
  9825
 10105
 10200
 10290
  9810
  9700
 10135
 10005
 10120
  9930
  9805
  9880
  9890
 10175
  9505
  9650
  9300
  9285
  9230
  9280
  9625
  9260
  9410
  9405
  9055
  9655
 10035
  9410
  9095
  9100
  9450
  9345
  8760
  8655
  9835
 10110
  8560
  8040
  9450
 10190
  9205
  9340
  9110
  9030
  8610
  8925
  8640
  8530
  8200
  8445
  8765
  8510
  9055
  9070
  8785
  9095
  9020
  9575
  9755
  8375
  8460
  9925
  9815
  9060
  8520
  8495
  9240
  8870
  9965
  8630
  8740
  9355
  9615
  9365
  8370
  9230
  9760
  9010
  8960
  9420
  9315
  8460
  9075
  9660
  8570
  9335
  9905
  8975
  9825
  8660
  8975
  9640
  8820
  9510
  9110
  9140
  9165
  8775
  9620
  8675
  9255
  9085
  9085
  9445
  8760
  9400
  8630
  9250
  8885
  9225
  9020
  8980
  8295
  8960
  9165
  8785
  9485
  8840
  9115
  7830
  9225
  9105
  8975
  8495
  9205
  9510
  8315
  9135
  9110
  8580
  9175
  8635
  8790
  9385
  8970
  8225
  9100
  8855
  8390
  8605
  8585
  8810
  8800
  8965
  8750
  8480
  9145
  8905
  8920
  8715
  8830
  8685
  9010
  8260
  9055
  8725
  8860
  8445
  8915
  8865
  8810
  8480
  8790
  9050
  8150
  9040
  8545
  8975
  8925
  8890
  8910
  8715
  8945
  9605
  8215
  8915
  8840
  9015
  8840
  9095
  8310
  9275
  8440
  9145
  8775
  8525
  8710
  9715
  8560
  9110
  8890
  9100
  8805
  8960
  8185
  8970
  8320
  9095
  8980
  8805
  8570
  9655
  8350
  9080
  8955
  8890
  8225
  9460
  8640
  9300
  8060
  9490
  8380
  9465
  8570
  9465
  8365
  9380
  8520
  9835
  8510
  9135
  8410
  9750
  8135
  9460
  8605
  9765
  8255
  9555
  8565
  9335
  8055
  9410
  8900
  9350
  8555
  9145
  8595
  8465
  9450
  8300
  8575
  9255
  8570
  8670
  8960
  9055
  8395
  9055
  9440
  8605
  8490
  8745
  8280
  8865
  8855
  8910
  8545
  9035
  8640
  8690
  9015
  9025
  9235
  8960
  8675
  8795
  8925
  8410
  9305
  8755
  8360
  9070
  9020
  8605
  9130
  8855
  8575
  8775
  9035
  8795
  9400
  9345
  8610
  9060
  8980
  8540
  8845
  9175
  8645
  9040
  9080
  8585
  9305
  8720
  8515
  8655
  9440
  9040
  8940
  9225
  8470
  8845
  8805
  8510
  9100
  9030
  8900
  8600
  9300
  8600
  8865
  8720
  8380
  8940
  8590
  9150
  9125
  9005
  8790
  8985
  8995
  9040
  8695
  8810
  8590
  8875
  8460
  8730
  9010
  8605
  8590
  8680
  8655
  8805
  8910
  8705
  8840
  8710
  9175
  8725
  8750
  8890
  8485
  8800
  8770
  9030
  8755
  8850
  8805
  8710
  8895
  8335
  8660
  8505
  8555
  8550
  8420
  8480
  8775
  8820
  8815
  8790
  8880
  8840
  8915
  8485
  8590
  8760
  8480
  8545
  8500
  8560
  8835
  8630
  8650
  8965
  8735
  9035
  8290
  8820
  8925
  8635
  8685
  8825
  8385
  8710
  8675
  8910
  8565
  8645
  8800
  8520
  8325
  8430
  8950
  8710
  8570
  8530
  8770
  8660
  8690
  8580
  8610
  8595
  8320
  8750
  8315
  8590
  8500
  8515
  8525
  8750
  8505
  8890
  8920
  8885
  8510
  9220
  8800
  8565
  8735
  8595
  8595
  9025
  8495
  8930
  8745
  8520
  8750
  8975
  8905
  8760
  8540
  8370
  8925
  8580
  8680
  8750
  8560
  8525
  8650
  8665
  8850
  8845
  8805
  8610
  8855
  8860
  8760
  8750
  8620
  8490
  8860
  8900
  8840
  8670
  8620
  8535
  8825
  8500
  8800
  8880
  8840
  9075
  8855
  8715
  8650
  8935
  8975
  8610
  8700
  9085
  8645
  9420
  8865
  8970
  8755
  8865
  8640
  8880
  9170
  9215
  8750
  8560
  9090
  9155
  8680
  8940
  9205
  8940
  8970
  8860
  8625
  8790
  8720
  8705
  8835
  8385
  8865
  9120
  9275
  8760
  8870
  8990
  8645
  8920
  8960
  9390
  8770
  9105
  8830
  8855
  8690
  9360
  9330
  8905
  9205
  9095
  8795
  9410
  9365
  8730
  8900
  8885
  8965
  9115
  9375
  9500
 10085
  9615
  9135
  9705
 10605
  9150
  9595
 10170
  9230
  9455
 10190
  9295
  9610
 10135
  9220
  9210
  8380
  8545
  8475
  8890
  8575
  8935
  8595
  8320
  8850
  8670
  8510
  9040
  8690
  8495
  8450
  8790
  8680
  8925
  8505
  9050
  8495
  8485
  9040
  8690
  9020
  8970
  8740
  8660
  8420
  8715
  9085
  8985
  8680
  9150
  8720
  8940
  8590
  8740
  8750
  8985
  8745
  8380
  9005
  8410
  8800
  8850
  8550
  8890
  9225
  8465
  8960
  8785
  9190
  8425
  8555
  8335
  8795
  8490
  9125
  8490
  8335
  8510
  8725
  8815
  8900
  8550
  8895
  8595
  8545
  8265
  8920
  8750
  8900
  8390
  8845
  8600
  8140
  8865
  8520
  9035
  8505
  9065
  8845
  8755
  8815
  8765
  8980
  9295
  8825
  8755
  8590
  8860
  8495
  8795
  8695
  8915
  8520
  8760
  8655
  8880
  8785
  9005
  9135
  9030
  8925
  8610
  9065
  8525
  8675
  8820
  9065
  8895
  8670
  8905
  8645
  9065
  8530
  8910
  9340
  8905
  8870
  8805
  8930
  8900
  8965
  8725
  8850
  9115
  8970
  8770
  8745
  8870
  9035
  8645
  8900
  8865
  8785
  8920
  8745
  8915
  8960
  9175
  8910
  9020
  8770
  9415
  8655
  8695
  9105
  8840
  9150
  8775
  9090
  9335
  8975
  8945
  8700
  8845
  8840
  8955
  8760
  8985
  9170
  8805
  8770
  8950
  8825
  9280
  8960
  9425
  9040
  8730
  9035
  8955
  8985
  8995
  9025
  8755
  9095
  9400
  9070
  8925
  8740
  9085
  8800
  8890
  8815
  9155
  8880
  9000
  9040
  9300
  9040
  9835
  9635
  9420
 10085
  9130
  9655
  9000
  9970
  9505
 10260
  9365
  9435
  9800
  9080
  9645
  9540
  9670
  9930
  8560
  9880
  9305
  9255
  9565
  8950
  8670
 10245
 10120
  9585
  8980
  9595
 10195
  9565
  8565
  8885
  9090
 10015
  8105
  9395
  9640
  8635
  9610
  8730
  9055
  8280
  9135
  8755
  8825
  8725
  8745
  8420
  9070
  7945
  9125
  8370
  8820
  8885
  8775
  8505
  8830
  8535
  8875
  9010
  9250
  8435
  8660
  8885
  8640
  8760
  8210
  8830
  8660
  8875
  8685
  8670
  8695
  9110
  8440
  8815
  8855
  8945
  9070
  8420
  9095
  8735
  8790
  8990
  8355
  8740
  8395
  8835
  8995
  8680
  8590
  8795
  8165
  9055
  8345
  8720
  8735
  8705
  8645
  9260
  8255
  9580
  8735
  9155
  8345
  9105
  8365
  9320
  8580
  8700
  8260
  9140
  8375
  9340
  8570
  9580
  8250
  9430
  8460
  9280
  8375
  9485
  8575
  9720
  8250
  9390
  8570
  9440
  8280
  8155
  9245
  8790
  9030
  8560
  9100
  8500
  8225
  9120
  8255
  8300
  9255
  8030
  8335
  8895
  8625
  8665
  9275
  8745
  8350
  9200
  8955
  8260
  8700
  8860
  8405
  9665
  8830
  8155
  8930
  8915
  8260
  8915
  8955
  8830
  8480
  8620
  8405
  8320
  8585
  9125
  8865
  8340
  8800
  9045
  8630
  8320
  8605
  8690
  8750
  8685
  8670
  8660
  8525
  8600
  8750
  8680
  8685
  8970
  8660
  8835
  8735
  8700
  8480
  8510
  8570
  8865
  8805
  8470
  8450
  8795
  8840
  8580
  8935
  8640
  8610
  8900
  8235
  8535
  8590
  8990
  8575
  8400
  8610
  8540
  8780
  8725
  8860
  8630
  8610
  8920
  8760
  8185
  8390
  9045
  8690
  8390
  8685
  8400
  8590
  8680
  8955
  8565
  8385
  8700
  8505
  8430
  8695
  8965
  8435
  8505
  8740
  8765
  8725
  8870
  8560
  8405
  8915
  8685
  8835
  8625
  8560
  8475
  8695
  8370
  8790
  8770
  8475
  8725
  8825
  8280
  8270
  8885
  8550
  8770
  8340
  8590
  8880
  8500
  8490
  8555
  8935
  8495
  8865
  8740
  8735
  8410
  8635
  8695
  8450
  8445
  8480
  8580
  8785
  8830
  8475
  8590
  8800
  8740
  8870
  8400
  8555
  8905
  8895
  8715
  8400
  8465
  8380
  8710
  8865
  8815
  8820
  8740
  8660
  8715
  8380
  8705
  8545
  8830
  8780
  8620
  8705
  8785
  8515
  8515
  8885
  9070
  8450
  8905
  8590
  8890
  8490
  9145
  8790
  8600
  8810
  8710
  9125
  8630
  8635
  8750
  8720
  8480
  8925
  9065
  8685
  8890
  8610
  8395
  8720
  8765
  8575
  8910
  8740
  8630
  8670
  8720
  8605
  8600
  8645
  8940
  8760
  9005
  8485
  8715
  8965
  8720
  8715
  8520
  8455
  8750
  8770
  8735
  8715
  8595
  8665
  8560
  9035
  8525
  8490
  8835
  8675
  8885
  8455
  8675
  8660
  8870
  8795
  8645
  8655
  8905
  8755
  8405
  8915
  8800
  9045
  8550
  8820
  9000
  8860
  8680
  8925
  8665
  8750
  8860
  9040
  9010
  8640
  8755
  9085
  8330
  8785
  8865
  8610
  8775
  9115
  8845
  8635
  8695
  8675
  8525
  8925
  8955
  8725
  8765
  8605
  8690
  8660
  9080
  8535
  8890
  8775
  8840
  8675
  8825
  8795
  8445
  8835
  8980
  8595
  9020
  8690
  8630
  8895
  8540
  8840
  9225
  8660
  9310
  8715
  8480
  8875
  9110
  8685
  8665
  8985
  8900
  8955
  8750
  8650
  8480
  8400
  9040
  8360
  8495
  8745
  8675
  8930
  8615
  8950
  9125
  8460
  9245
  8715
  8525
  9110
  8760
  8865
  8950
  9145
  8900
  8930
  9010
  8860
  8895
  8870
  8595
  9150
  8885
  8825
  8885
  8755
  8865
  9145
  8655
  8805
  8940
  8930
  8750
  8720
  9000
  8855
  8750
  8665
  8710
  8455
  8505
  8730
  8785
  8910
  8670
  8810
  9155
  8750
  8350
  8830
  8925
  8665
  9315
  8850
  8485
  9060
  8955
  9070
  8535
  8800
  8725
  8560
  8990
  8700
  9015
  8830
  8915
  8640
  9010
  8935
  8850
  8660
  8805
  8985
  8655
  8805
  8945
  8805
  8680
  8620
  8790
  8890
  9205
  8820
  8720
  9265
  8520
  8985
  8955
  8815
  8675
  8915
  8655
  8900
  8625
  8840
  9020
  9010
  8715
  9290
  8825
  8930
  8645
  9035
  9295
  8775
  8800
  8800
  8625
  8435
  8810
  9050
  8820
  8805
  8665
  8830
  9040
  8835
  8830
  8755
  8910
  8995
  8725
  8775
  8670
  8780
  8890
  8800
  8745
  8920
  8585
  8565
  9020
  8975
  8655
  8915
  9045
  8560
  8980
  8520
  8525
  8550
  8705
  8480
  8805
  8790
  8505
  8820
  8730
  8560
  8690
  8715
  8875
  8715
  8525
  8930
  8880
  8795
  9115
  8920
  8790
  9160
  8800
  9015
  8670
  8845
  8810
  8765
  8740
  9025
  8950
  8780
  8725
  9060
  8620
  8940
  8855
  9100
  8935
  8755
  8520
  8810
  9060
  9140
  8785
  8980
  8845
  9225
  8545
  8715
  8615
  8865
  8930
  9110
  9035
  8940
  9090
  8765
  9210
  8630
  8730
  8920
  8760
  9030
  8560
  8630
  8950
  8735
  9170
  8750
  8650
  8745
  9060
  8905
  9025
  8920
  8420
  8670
  8755
  8925
  8590
  9065
  8835
  8835
  8895
  8715
  9030
  8855
  8630
  8485
  8865
  9170
  8735
  8885
  8850
  9135
  8535
  8935
  8790
  8465
  9300
  8750
  9045
  8855
  8785
  8665
  8725
  9135
  9020
  8985
  9095
  8920
  9290
  8860
  8845
  9090
  9110
  9055
  8800
  8800
  8805
  8970
  9080
  9235
  8645
  8835
  8800
  9080
  8930
  8605
  8760
  8755
  8830
  8810
  8930
  9235
  8935
  8800
  9040
  8835
  9010
  8720
  8585
  8875
  8825
  9235
  8835
  8670
  8720
  8965
  8915
  8840
  8325
  8690
  8940
  8970
  8580
  8995
  8980
  9090
  9320
  8765
  9020
  8780
  8465
  8770
  8630
  8870
  9095
  8820
  9025
  8940
  8725
  8590
  9070
  8555
  8480
  8795
  8555
  8735
  9115
  8800
  9080
  8780
  8940
  9225
  8990
  8860
  8645
  8555
  8715
  8635
  8540
  8640
  8830
  8845
  8880
  8510
  8515
  8840
  8395
  8955
  8970
  9185
  8780
  8740
  8900
  8760
  8675
  8865
  8870
  8735
  8640
  9040
  8625
  8755
  9080
  8585
  9040
  8965
  8630
  8545
  8995
  8550
  8880
  8800
  8900
  8705
  8840
  8500
  9060
  8755
  8650
  8830
  8630
  8765
  8720
  8710
  8555
  8975
  9085
  8575
  8505
  9110
  8745
  8800
  8875
  8955
  8795
  8985
  8390
  9170
  8880
  8980
  9150
  8695
  8665
  8860
  9330
  8655
  8590
  9290
  8905
  9145
  8680
  8945
  8835
  8940
  8795
  8480
  9020
  8695
  8935
  9105
  8780
  8915
  9060
  8765
  8765
  8655
  8985
  9245
  9105
  8735
  8715
  8845
  8740
  9055
  8790
  8585
  8870
  8650
  8870
  8785
  8950
  8890
  8505
  8800
  8845
  8905
  8660
  8800
  8935
  8775
  8660
  9255
  8725
  8750
  8800
  8670
  8890
  8745
  8840
  8985
  8630
  8930
  8905
  8545
  9030
  8715
  9015
  8765
  8890
  8935
  8875
  8940
  8880
  8790
  8780
  9045
  8670
  8755
  8650
  8540
  8885
  8540
  8920
  8875
  9020
  8705
  9160
  8595
  9125
  9110
  9155
  8665
  8615
  8970
  8850
  8925
  8815
  8850
  9040
  8860
  8960
  8880
  8610
  9015
  8740
  8645
  9065
  8560
  9075
  8760
  9020
  8820
  9155
  8620
  9005
  8805
  8705
  8805
  9030
  8860
  9055
  9150
  8905
  8105
  9035
  8680
  9060
  8240
  9205
  9190
  9055
  8535
  8180
  8790
  9095
  8630
  8760
  9100
  7845
  8840
  8600
  7905
  8735
  8960
  8515
  8730
  7985
  8800
  8615
  8865
  8845
  8570
  9015
  9120
  8870
  8975
  8125
  9170
  8825
  9235
  8865
  8900
  8750
  9130
  8185
  9045
  8810
  8825
  9025
  8985
  8765
  8930
  8620
  8920
  8955
  8800
  8850
  8485
  8470
  8495
  9010
  9140
  8905
  9040
  8820
  7805
  9060
  9105
  8345
  9065
  8250
  8025
  8480
  8465
  8755
  8080
  9040
  8945
  8675
  8220
  8520
  8815
  8890
  8820
  8825
  8870
  8245
  8800
  8600
  8905
  8805
  8175
  8910
  8825
  8820
  7855
  8790
  8865
  8735
  7985
  8720
  8555
  8380
  8710
  8695
  8370
  8610
  8435
  8580
  8490
  8445
  9145
  8630
  8455
  8575
  8345
  8825
  8325
  8150
  8375
  8395
  8470
  8320
  8315
  8315
  8490
  8345
  8520
  8325
  8460
  9175
  8515
  8895
  8180
  8580
  8395
  8335
  8460
  8600
  8075
  8570
  8095
  8405
  8325
  8745
  8420
  8285
  8355
  8780
  8780
  8500
  8215
  8445
  8670
  9100
  8730
  8020
  9060
  8345
  8235
  8850
  8810
  8080
  9075
  8750
  8115
  8735
  8735
  7900
  9170
  8750
  8315
  8950
  9000
  8705
  8460
  8195
  8555
  8450
  8155
  8730
  8335
  8350
  8280
  8520
  8650
  8765
  8480
  8345
  8375
  8330
  8135
  8595
  8305
  9015
  8020
  8540
  8410
  8345
  8565
  8980
  8165
  8795
  8345
  8605
  8475
  8690
  8360
  8815
  8445
  8230
  8335
  8565
  8050
  8925
  8070
  8910
  8200
  8395
  8240
  8855
  8400
  9090
  8295
  8700
  8365
  8360
  9005
  8070
  8185
  8585
  8610
  7835
  8930
  9125
  8095
  8155
  8620
  8215
  8515
  8475
  8770
  8775
  8750
  8075
  8875
  8135
  8900
  8165
  8570
  8235
  8985
  8340
  9020
  7915
  8940
  8455
  8880
  8330
  8560
  8300
  9220
  8220
  8785
  7980
  8875
  8410
  8935
  7870
  8795
  8215
  8760
  8350
  8535
  8665
  8620
  8315
  8685
  8245
  8435
  8230
  8255
  8300
  8685
  8280
  8375
  8310
  8660
  8300
  8415
  8710
  8055
  8235
  8565
  8150
  8810
  8420
  8995
  7825
  8750
  8285
  8800
  8410
  9010
  7970
  8965
  8315
  8955
  8355
  8500
  8340
  8785
  8540
  8980
  8295
  8970
  8490
  9305
  8810
  8195
  8575
  8640
  9035
  8900
  9035
  8755
  8125
  9050
  8470
  7975
  8550
  8510
  8530
  8655
  8060
  8700
  8395
  8920
  8690
  8275
  8295
  8295
  8840
  8390
  8470
  8035
  8900
  8945
  8920
  8675
  8890
  8115
  8735
  8635
  8685
  8185
  8885
  8145
  8740
  7965
  8730
  8210
  8685
  8065
  8740
  8135
  8300
  8415
  8825
  8295
  8790
  8295
  8850
  8140
  8620
  8080
  9125
  8040
  9160
  8190
  9050
  7935
  9130
  8340
  9040
  8030
  9015
  8105
  8625
  8225
  8850
  7845
  9220
  8170
  8395
  8500
  8250
  8655
  7905
  9325
  8340
  8920
  9040
  8845
  8015
  8585
  8515
  8140
  7845
  8790
  8080
  9100
  8065
  9300
  8140
  8975
  8000
  8980
  7785
  8880
  8035
  9010
  8000
  9040
  8115
  8590
  8205
  9135
  7950
  8890
  8315
  8240
  8310
  8195
  8205
  8955
  8265
  8905
  8325
  8505
  8325
  8015
  8750
  8650
  7860
  8800
  8800
  8785
  8725
  8830
  8160
  9055
  8400
  8380
  8860
  8160
  8535
  8050
  8590
  8370
  8355
  8410
  8665
  8280
  8860
  8125
  8665
  8400
  8530
  8050
  8240
  8270
  9085
  8350
  8695
  8190
  8725
  8140
  8610
  8190
  9040
  8225
  8505
  8170
  9155
  8155
  8730
  8130
  8795
  8320
  8705
  8775
  7840
  8725
  8930
  8570
  8910
  8820
  8890
  8770
  8705
  9030
  8930
  8485
  8515
  8625
  8990
  8585
  8600
  8905
  8655
  8710
  9050
  8565
  8940
  8905
  8830
  9020
  8825
  8745
  9185
  8955
  8675
  9100
  9055
  8920
  8810
  8855
  8850
  8950
  8750
  8725
  8805
  8900
  9160
  8480
  8760
  8570
  8610
  8740
  8980
  8880
  8970
  8580
  8800
  8575
  8385
  9195
  8730
  8740
  8725
  8985
  8665
  9010
  8885
  8565
  8925
  8685
  8880
  8675
  8960
  8905
  8795
  8845
  8795
  8595
  8965
  8590
  8815
  8370
  8865
  8820
  8510
  8850
  8410
  8305
  8775
  8965
  8625
  8650
  8195
  8355
  9020
  8845
  8955
  8660
  8835
  8780
  8675
  8935
  8665
  8700
  8595
  8840
  9195
  8490
  8685
  8955
  8525
  8815
  8765
  8505
  8050
  8570
  8840
  9755
  8555
  9265
  9030
  9535
  9580
  9530
  9525
 10060
  9475
  9325
  9580
  9590
  9520
  9395
  9540
  9350
  9665
  9610
  9320
  9345
  9270
  8275
  9135
  8735
  8940
  8980
  8865
  8420
  8980
  8430
  8560
  8830
  8610
  8560
  8805
  8890
  8625
  8895
  8710
  8675
  8195
  8700
  8660
  8465
  8595
  8570
  8795
  8555
  8875
  8830
  8490
  9170
  8735
  8810
  9040
  8240
  8710
  8540
  8440
  8645
  8500
  9065
  8700
  8945
  8655
  8680
  8600
  8800
  8760
  8575
  8590
  8865
  8460
  8660
  8665
  9055
  9105
  8880
  8800
  9040
  8425
  8720
  8700
  8655
  8525
  8710
  8955
  8625
  8475
  8610
  8965
  9065
  8425
  8440
  8710
  8495
  8765
  8070
  9065
  8150
  8885
  8215
  8570
  8610
  8635
  8610
  8960
  8340
  8780
  8605
  8700
  9065
  8810
  8940
  8200
  9150
  8810
  8560
  8455
  8860
  8165
  8615
  8665
  8660
  9230
  9160
  8260
  9585
  8255
  8850
  8460
  8765
  9045
  8620
  8425
  8810
  8780
  8660
  8730
  8505
  8460
  8695
  8560
  8625
  8540
  8660
  8790
  8685
  8620
  8520
  8530
  8775
  8725
  8585
  8575
  8640
  8490
  8820
  8650
  8745
  8390
  8440
  8440
  8730
  8885
  8570
  8685
  9005
  9020
  8780
  8280
  8780
  8800
  8755
  8705
  8660
  8370
  8415
  8545
  8310
  8750
  8630
  8560
  8590
  8535
  8430
  8715
  8445
  8720
  8515
  8475
  8625
  8485
  8705
  8915
  8420
  8395
  8775
  8445
  8755
  8845
  8830
  8520
  8290
  8930
  8660
  8485
  8530
  9015
  8230
  8850
  9400
  8380
  8755
  9130
  8700
  8730
  9050
  8425
  8925
  8770
  8455
  8675
  8605
  8765
  8255
  8585
  8870
  8955
  9020
  8565
  8655
  8690
  8590
  8315
  8880
  8835
  8810
  8705
  8555
  8560
  8530
  8240
  8720
  8575
  8645
  8360
  8280
  8540
  8740
  8445
  8665
  7975
  8120
  8545
  8440
  8525
  8620
  8725
  8395
  8615
  8425
  8540
  8570
  8690
  8630
  8610
  8790
  8580
  8555
  8680
  8445
  8740
  8760
  8415
  8925
  9070
  8510
  8695
  8835
  8645
  8460
  8270
  9065
  8635
  8660
  8585
  8925
  8790
  8770
  8330
  8405
  8890
  8620
  8715
  8820
  8610
  8665
  8945
  8505
  8575
  8545
  8810
  8635
  8565
  8730
  8685
  8945
  8725
  8695
  8655
  8920
  8600
  8280
  8610
  8495
  8540
  8765
  8475
  8525
  8295
  8475
  8660
  8440
  8770
  8590
  8505
  8520
  8235
  8290
  8870
  8740
  8670
  8655
  8355
  8500
  9035
  8790
  8395
  8870
  8465
  8905
  8630
  8435
  8850
  8815
  8455
  8440
  8750
  9005
  8630
  8820
  8210
  8695
  8615
  9150
  8555
  8415
  8525
  8260
  8565
  8525
  8625
  8925
  8620
  8830
  8295
  8490
  8605
  8300
  8775
  8565
  8495
  8380
  8290
  8670
  8275
  8535
  8770
  8730
  8540
  8550
  8605
  8955
  8830
  8390
  8580
  8805
  8610
  8810
  8780
  8740
  8525
  8795
  8350
  9165
  8420
  8635
  8450
  8790
  8685
  8520
  8795
  8655
  8545
  8765
  8485
  9035
  8610
  8650
  8540
  8715
  8410
  8700
  8550
  8695
  8240
  8830
  8460
  8765
  8900
  8505
  8600
  8825
  8620
  8240
  8485
  8575
  8575
  8585
  8750
  8785
  8435
  8515
  8450
  8860
  8570
  8715
  8495
  8375
  8445
  8645
  8640
  8860
  8575
  8340
  8670
  9010
  8815
  8400
  8230
  8515
  8650
  8565
  8625
  8465
  8850
  8695
  8605
  8365
  8360
  8490
  8250
  8470
  8995
  8940
  8640
  8790
  8840
  8175
  8540
  9255
  8195
  9195
  8740
  8660
  8755
  8625
  8170
  8765
  9330
  8635
  8375
  8640
  8845
  8685
  8840
  8430
  8720
  8610
  8745
  8655
  8855
  8485
  8245
  8435
  8915
  8930
  8950
  8255
  8320
  8500
  8885
  8835
  8400
  8990
  8555
  8475
  8740
  8855
  8570
  8645
  8165
  8590
  8395
  8600
  8785
  8495
  8595
  8475
  8545
  9090
  8670
  8495
  8425
  8405
  8440
  8385
  8435
  8250
  8435
  8675
  8565
  8490
  8290
  8680
  8540
  8645
  8325
  8580
  8745
  8605
  8290
  8645
  8440
  8455
  8480
  8875
  9025
  8730
  8710
  8915
  8490
  8700
  8620
  8685
  8675
  8675
  8850
  8550
  8370
  8620
  8640
  8685
  8925
  8555
  8625
  8455
  8975
  8580
  9420
  8115
  9295
  8290
  8895
  8320
  9215
  8480
  9195
  8590
  9775
  8475
  8800
  8450
  9570
  8660
  8640
  8665
  9035
  8770
  8920
  8040
  9245
  8910
  8990
  8410
  9480
  8385
  9010
  8745
  9380
  7830
  9265
  8570
  8630
  9145
  8680
  8945
  8975
  8975
  8505
  9050
  8705
  8285
  9115
  8575
  9080
  8765
  8365
  9135
  8550
  8475
  9725
  8335
  8435
  9110
  8865
  8655
  8905
  8895
  8165
  8895
  9050
  8860
  8975
  8800
  8395
  8750
  8945
  8455
  8895
  9055
  8400
  8175
  9065
  8920
  8670
  8430
  8195
  8575
  8590
  8730
  8890
  8695
  8740
  8615
  8455
  8630
  8495
  8490
  8865
  8460
  8610
  8610
  8515
  8555
  8550
  8245
  8480
  8535
  8105
  8610
  8625
  8855
  8760
  8740
  8420
  8470
  8625
  8780
  8540
  8485
  8720
  8540
  8795
  8340
  8525
  8705
  8740
  8950
  8625
  8380
  8315
  8820
  8890
  9285
  8310
  8580
  8495
  8385
  8665
  8765
  8410
  8815
  8570
  8895
  8440
  8695
  8345
  8995
  9045
  8295
  8895
  8655
  8645
  8395
  9030
  8785
  8725
  8720
  8435
  8450
  8655
  8980
  8430
  8525
  8825
  8880
  8640
  8465
  8570
  9050
  8470
  8165
  8560
  8645
  8925
  8245
  9015
  8395
  8825
  8715
  8740
  8815
  8450
  8560
  8870
  8875
  8525
  8665
  9240
  8605
  8650
  8935
  8540
  8300
  8410
  8680
  8660
  8550
  8445
  8570
  8925
  8645
  8385
  8365
  8450
  8580
  8830
  8395
  8790
  8830
  8330
  8580
  8540
  8535
  8995
  8725
  8525
  8645
  8745
  8590
  8710
  8555
  8390
  8615
  8785
  8630
  8490
  8650
  8785
  8885
  8925
  8705
  8675
  8865
  8775
  8740
  7900
  8830
  8920
  8475
  8660
  8335
  8545
  8655
  9100
  8720
  8380
  9010
  8525
  8415
  8755
  8640
  8675
  9010
  8800
  8430
  8820
  8825
  8295
  8845
  9045
  8670
  8620
  8720
  8945
  8735
  8785
  8910
  8750
  8675
  8545
  8690
  8665
  8660
  8965
  8750
  8435
  8955
  9020
  8440
  8570
  8770
  8600
  8725
  8825
  8715
  8800
  8370
  8885
  9115
  8875
  8370
  8915
  8535
  8695
  8840
  8610
  8925
  8665
  8725
  8525
  8765
  8930
  8615
  8085
  8435
  8700
  8830
  8915
  8830
  9025
  8875
  8890
  8675
  8620
  8355
  8620
  8820
  8885
  8760
  8880
  8530
  8470
  8460
  8625
  9110
  8845
  8800
  8835
  8520
  8630
  8345
  8820
  8800
  8935
  8725
  9020
  8705
  8615
  8765
  8960
  8365
  8670
  8635
  8430
  8825
  8695
  8695
  8390
  9090
  8615
  8660
  8380
  8695
  8570
  8840
  8500
  8685
  8680
  8500
  8675
  8530
  8745
  8555
  8305
  8560
  8975
  8395
  8470
  8580
  8500
  8880
  8695
  9080
  8400
  9335
  8380
  9315
  8695
  9255
  8240
  9190
  8600
  9045
  8585
  8895
  8615
  8710
  9245
  9035
  8665
  8485
  8650
  8640
  8530
  8620
  8515
  8465
  8835
  8770
  8685
  8530
  8715
  9355
  8380
  8815
  8560
  8660
  8550
  8585
  8255
  8295
  8630
  8560
  8715
  8725
  9070
  7750
  9385
  8250
  9185
  8585
  8830
  8190
  9275
  8620
  9110
  8870
  8700
  9830
  8260
  9395
  8875
  8385
  9650
  8330
  9340
  8630
  8445
  8950
  8580
  8625
  8695
  8640
  8585
  8960
  8465
  8390
  9105
  8610
  8435
  9165
  8920
  8795
  9190
  8495
  8585
  9200
  9220
  8765
  9245
  9155
  8570
  8860
  9095
  9135
  8770
  9270
  8770
  8255
  9485
  8740
  8720
  9195
  8915
  9345
  8015
  9125
  8530
  9545
  8460
  9125
  8485
  8615
  9180
  9010
  8580
  8580
  8790
  8310
  8775
  8430
  8455
  8290
  8465
  8735
  8700
  8745
  8770
  8730
  8650
  8575
  8625
  8850
  8770
  9040
  8690
  8240
  8825
  8510
  8935
  8910
  8570
  8450
  8695
  8820
  8635
  8475
  8725
  8715
  8885
  8525
  8185
  9475
  8670
  8305
  9155
  8480
  8480
  8685
  8515
  8480
  8680
  8710
  8390
  8595
  8835
  8645
  8805
  8290
  8550
  8530
  8545
  9030
  8425
  8765
  8780
  8410
  9485
  8370
  9475
  8405
  8795
  9105
  8770
  8245
  8570
  8560
  8790
  9160
  8900
  9175
  8505
  9195
  8565
  8685
  8785
  8930
  8850
  8705
  8570
  8705
  8995
  8510
  8945
  9300
  8755
  8820
  8895
  8820
  8350
  8515
  8890
  8405
  9165
  8455
  8585
  9425
  8735
  8975
  8285
  9240
  8495
  9120
  8375
  9240
  8770
  8320
  8850
  8560
  8920
  8590
  8465
  8870
  8775
  8635
  8630
  8865
  9030
  8365
  8910
  8945
  8535
  8445
  8690
  9045
  8275
  8960
  9315
  8580
  8730
  8630
  8370
  8500
  8450
  9300
  8325
  9185
  8655
  8720
  8880
  9095
  8270
  8715
  8665
  8925
  8880
  8760
  8725
  8885
  9165
  8655
  9010
  9010
  8335
  8330
  8915
  8850
  8505
  8595
  8560
  8745
  9020
  8715
  8830
  9180
  8665
  8620
  9015
  8615
  8935
  8995
  8355
  8740
  8765
  8585
  8255
  8815
  8540
  8590
  8115
  9335
  8150
  9295
  8305
  9160
  8405
  9205
  8245
  9085
  8725
  9420
  8025
  9245
  8440
  9265
  8320
  9410
  8405
  9225
  8445
  9325
  8470
  8900
  9375
  8605
  8560
  8940
  9110
  8815
  8785
  9080
  8685
  8400
  9165
  8790
  8640
  8655
  8835
  8960
  8485
  8770
  8850
  8815
  8960
  8690
  8730
  9140
  8925
  8580
  8515
  8690
  9035
  8905
  9335
  8960
  8285
  8365
  8480
  9080
  8925
  8375
  9010
  8965
  8340
  8570
  8925
  9025
  8375
  8625
  8755
  8765
  8870
  8405
  8305
  8415
  8610
  8880
  8775
  8735
  8720
  8545
  9065
  8430
  8815
  8780
  8675
  8315
  9105
  8905
  8825
  8685
  9000
  8960
  8945
  8405
  8860
  9095
  8395
  8460
  8670
  9155
  8865
  8625
  8935
  9085
  8535
  8370
  8525
  8610
  9030
  8520
  8910
  8375
  8655
  9000
  8455
  9115
  8190
  8670
  9305
  8355
  9225
  8680
  9360
  8550
  9380
  8290
  8900
  8145
  9365
  8990
  8855
  8245
  8325
  9010
  9045
  8220
  8740
  8350
  8570
  9010
  9145
  8485
  9180
  8810
  8755
  8940
  8695
  9045
  8490
  8405
  8365
  8805
  8725
  8970
  8835
  8795
  8415
  9075
  8805
  8360
  9365
  8695
  8690
  9250
  8495
  8480
  9505
  8685
  9385
  8315
  9975
  8770
  9605
  8805
  9260
  8790
  9000
  8800
  9170
  8360
  9520
  8825
  8855
  9195
  8500
  9545
  8800
  8845
  8865
  8715
  8680
  8775
  8220
  8640
  8705
  8800
  8620
  8400
  8755
  9040
  8905
  8815
  8865
  8970
  8725
  8635
  8355
  8615
  8735
  9400
  9075
  8380
  8765
  9125
  9060
  8690
  9070
  8890
  8475
  8385
  8885
  8925
  8930
  8440
  8905
  8685
  8795
  8730
  8795
  8505
  8735
  8535
  9310
  8650
  9130
  8535
  9640
  8245
  9155
  8720
  8760
  8440
  9575
  8310
  9225
  8890
  9305
  8075
  9410
  8690
  9070
  8980
  9335
  8685
  8540
  8680
  8985
  8435
  8900
  9045
  8670
  8530
  8825
  8965
  8720
  8260
  8390
  8720
  8580
  8930
  8240
  8470
  8885
  8810
  8685
  8755
  8745
  8925
  8730
  8545
  8945
  8945
  8940
  8305
  8785
  8790
  8405
  8560
  8520
  8910
  8175
  8645
  8495
  8640
  8750
  8820
  8905
  8805
  8685
  8740
  8405
  8255
  8395
  9060
  8790
  8890
  8660
  9045
  8690
  8745
  8470
  8890
  8520
  8820
  8570
  8630
  8275
  9215
  8950
  8560
  8720
  8615
  8760
  8450
  8465
  8850
  8435
  8830
  9020
  8690
  8385
  8790
  9135
  8865
  8995
  8525
  8600
  8690
  8650
  8855
  8745
  8850
  8690
  8800
  8975
  8780
  8320
  9015
  8370
  8415
  8750
  8580
  8930
  8605
  8960
  8520
  8575
  8400
  8615
  8445
  8450
  8780
  8335
  8545
  8405
  8890
  8460
  8590
  8490
  8360
  8685
  8625
  8445
  8520
  8760
  8940
  8630
  8590
  9005
  8210
  8465
  8890
  9015
  8350
  8525
  8705
  8525
  8390
  8480
  8400
  8775
  8395
  8630
  8445
  8585
  8860
  8345
  8570
  8205
  8635
  8650
  9280
  8610
  8675
  9330
  8860
  9180
  9140
  8070
  9355
  8975
  8445
  9500
  8455
  9040
  8505
  9535
  8670
  9100
  8330
  8725
  8865
  8625
  8885
  8660
  8390
  9025
  8945
  8505
  8965
  8620
  8530
  9235
  8700
  9070
  8850
  8535
  8665
  8985
  8705
  8780
  9160
  8585
  9070
  9015
  8340
  8335
  8740
  8540
  8395
  9055
  8585
  8245
  8340
  8675
  8470
  8830
  8480
  8605
  8660
  8365
  8550
  8395
  8625
  8520
  8560
  8610
  8375
  8385
  8450
  8670
  8725
  8745
  8620
  8580
  8745
  8830
  8505
  8565
  8600
  8665
  8560
  8805
  8400
  8615
  8870
  8410
  8470
  8590
  8315
  8860
  8390
  8585
  8235
  8860
  8500
  8720
  8270
  8645
  8535
  8900
  8800
  8955
  8560
  8855
  8460
  8605
  8870
  8435
  8700
  8630
  8700
  8535
  8745
  8755
  8765
  8645
  8765
  8765
  8765
  8680
  9160
  8475
  8390
  8570
  8865
  9020
  8675
  8965
  8765
  8530
  8660
  8955
  8820
  8830
  8780
  8645
  8710
  8675
  8595
  8785
  8825
  8800
  8665
  8445
  8490
  8740
  8665
  8640
  8825
  8925
  8730
  8485
  8510
  8490
  8745
  8550
  8535
  8495
  8610
  8430
  8720
  8620
  8620
  8340
  8615
  9080
  8405
  8660
  8570
  8860
  8680
  8545
  8995
  8965
  8465
  8560
  8720
  8820
  8715
  8640
  8310
  8480
  8720
  8830
  8635
  8750
  8325
  8820
  8615
  8595
  8275
  8865
  8600
  8240
  8800
  8555
  8780
  8310
  8615
  8690
  8665
  8510
  8540
  8885
  8975
  8645
  8655
  8540
  8875
  8540
  8240
  8645
  8265
  8745
  8605
  8620
  8390
  8680
  8750
  8495
  8525
  8380
  8380
  8510
  8630
  8710
  8305
  8585
  8760
  8395
  8725
  8580
  8755
  8805
  8620
  8700
  8690
  8370
  8960
  8690
  8575
  8610
  8505
  8750
  8210
  8495
  8555
  8670
  8405
  8610
  8510
  8590
  8665
  8880
  8595
  8695
  8645
  8605
  8455
  8850
  8545
  8540
  8705
  8420
  8750
  8665
  8445
  8745
  8595
  8780
  8350
  8585
  8330
  8640
  8760
  8690
  8695
  8460
  8455
  9110
  8605
  8540
  8710
  8750
  8620
  8910
  8615
  8610
  8470
  8700
  8590
  8790
  8710
  8580
  8535
  8715
  8435
  8475
  8765
  8430
  8740
  8635
  8575
  8705
  8805
  8630
  8715
  8615
  8615
  8450
  8700
  8380
  8635
  8790
  8605
  8965
  8860
  8945
  8770
  8795
  8605
  8735
  8770
  8480
  8840
  8950
  8730
  8610
  8655
  8615
  8775
  8435
  8555
  9240
  8650
  8690
  8755
  8460
  8710
  8425
  8620
  8505
  8535
  8720
  8715
  8415
  8720
  8735
  8695
  8430
  8575
  8775
  8810
  8945
  8480
  8740
  8925
  8970
  8490
  8730
  8785
  8705
  8345
  8705
  8285
  8835
  8670
  8335
  8840
  8590
  8300
  8610
  8755
  8340
  8410
  8340
  8565
  8610
  8865
  8375
  8915
  8270
  8505
  8830
  8260
  8615
  8650
  8510
  8585
  8370
  8430
  8550
  8610
  8660
  8480
  8450
  8625
  8410
  8970
  8690
  8830
  8670
  8580
  8530
  8325
  8930
  8570
  8525
  8900
  8455
  8545
  8395
  8625
  8485
  8450
  8415
  8545
  8720
  8445
  8450
  8710
  8775
  8580
  8680
  8530
  8455
  8875
  8665
  8815
  8495
  8680
  9030
  8755
  8830
  8690
  8660
  8440
  8695
  8645
  8635
  8605
  8535
  8620
  9000
  8340
  8695
  8500
  8390
  8570
  8455
  8795
  8650
  8500
  8725
  8555
  8375
  8550
  8645
  8800
  8655
  8685
  8615
  8500
  8400
  8600
  8490
  8625
  8590
  8605
  9040
  8395
  8575
  8675
  8550
  8490
  8685
  8705
  8215
  8610
  8530
  8340
  8610
  8600
  8480
  8555
  8555
  8785
  8570
  8285
  8575
  8980
  8815
  8775
  8330
  8355
  8285
  8575
  8340
  8770
  8480
  8765
  8460
  8760
  8410
  8630
  8445
  8205
  8695
  8460
  8735
  8730
  8500
  8985
  8615
  8890
  8565
  8570
  8730
  8520
  8645
  8705
  9045
  8770
  8540
  8650
  8420
  8630
  8675
  8460
  8330
  8330
  8710
  8775
  8525
  8455
  8545
  8870
  8780
  8405
  8905
  8710
  8490
  8665
  8905
  8680
  8635
  8685
  8900
  8490
  8795
  8865
  8905
  8545
  8455
  8490
  8550
  8520
  8495
  8330
  8430
  8330
  8505
  8545
  8435
  8315
  8305
  8525
  8515
  8670
  8400
  8665
  8690
  8510
  8435
  8575
  8550
  8965
  8645
  8630
  8675
  8400
  8680
  8595
  8430
  8875
  8370
  8570
  8555
  8865
  8520
  8530
  8220
  8390
  8615
  8575
  8295
  8815
  8790
  8435
  8715
  8400
  8905
  8535
  8570
  8735
  8630
  8795
  8765
  8680
  8700
  8545
  8665
  8485
  8620
  8380
  8760
  8645
  8360
  8655
  9130
  8785
  8960
  8560
  8375
  8790
  8750
  8700
  8650
  8700
  8825
  8880
  8835
  8685
  8870
  8975
  8500
  9345
  8910
  8825
  8815
  8560
  8585
  8415
  8530
  8870
  8615
  8735
  8725
  8585
  8560
  8790
  8780
  8530
  8920
  8730
  8805
  8960
  8995
  8535
  8855
  8655
  8515
  8720
  9220
  8955
  8850
  8745
  8725
  8625
  8315
  8825
  8560
  9005
  9030
  8560
  8630
  8645
  8540
  8780
  8830
  8915
  8310
  8530
  8735
  8675
  8810
  8770
  8790
  8670
  8535
  8665
  8620
  8545
  8700
  8760
  8910
  8565
  8435
  8680
  8915
  8690
  8675
  8725
  8800
  8735
  8900
  8695
  8840
  8935
  8520
  9015
  9000
  8715
  8620
  8570
  8650
  8655
  8380
  8955
  8515
  8685
  8660
  8485
  8590
  8900
  8770
  8815
  8775
  8630
  8795
  8745
  8780
  8840
  8645
  8690
  8695
  8950
  8375
  8280
  8830
  8745
  9000
  8775
  8875
  8975
  8825
  8520
  8900
  8835
  8540
  8675
  8570
  8590
  8680
  8900
  8540
  8490
  8900
  8900
  8485
  8245
  8640
  8745
  8430
  8635
  8910
  8485
  8395
  8720
  8915
  8725
  8920
  8660
  8875
  8745
  8785
  8520
  8440
  8525
  8735
  8805
  8855
  8755
  8780
  8665
  8805
  8780
  8620
  9030
  8700
  8900
  9005
  8825
  8745
  8460
  8695
  8805
  8600
  8475
  8680
  8285
  8395
  8630
  8630
  8770
  8670
  8620
  8590
  8410
  8695
  8585
  8640
  8940
  8610
  8480
  8860
  8510
  8810
  8730
  8665
  8255
  8845
  8605
  8255
  8770
  8240
  8635
  8350
  8695
  8585
  8485
  8930
  8400
  8490
  8555
  8675
  8815
  8650
  8595
  8590
  8660
  8550
  8570
  9415
  8490
  9010
  8970
  8525
  8790
  8885
  9055
  8510
  8675
  8770
  8700
  9135
  8970
  8850
  9110
  8680
  8945
  8690
  8495
  8845
  8760
  8415
  8925
  8690
  8770
  8980
  8260
  9015
  8755
  8500
  8580
  8700
  8525
  8990
  8940
  8880
  8595
  8285
  8440
  9015
  8715
  9020
  8500
  8435
  8745
  9065
  8965
  8655
  8895
  8755
  8840
  8660
  8785
  8515
  8600
  9040
  9210
  9220
  8400
  8735
  8500
  8575
  8920
  8725
  8670
  8825
  8860
  8405
  8540
  8640
  8440
  8425
  8735
  8980
  8785
  8505
  8790
  8945
  8650
  8705
  9095
  8925
  9040
  8180
  8650
  8840
  8690
  8740
  8500
  8610
  8820
  9195
  8785
  8550
  8990
  8700
  8080
  8630
  8825
  9060
  8600
  9450
  9155
  8415
  8560
  8810
  9090
  8335
  8815
  8830
  8835
  8580
  8880
  9180
  8950
  8590
  8845
  8505
  8365
  8695
  8935
  9170
  8460
  8765
  8895
  8750
  8815
  8335
  8465
  8875
  8955
  8435
  8835
  8695
  8750
  8530
  9145
  8585
  8530
  9255
  9190
  8755
  8640
  8510
  8755
  8815
  8395
  9140
  9145
  8755
  8660
  8540
  9260
  8240
  8555
  8615
  8580
  8970
  8730
  8875
  9060
  8905
  8920
  8840
  8765
  8880
  8645
  8280
  8805
  9295
  8565
  8880
  8845
  8710
  8630
  9105
  8710
  8395
  8855
  8820
  8960
  8425
  8430
  9075
  9000
  8190
  8695
  8655
  8720
  8675
  8670
  8385
  8690
  8545
  8480
  8575
  8395
  8685
  8700
  8680
  8720
  8420
  8690
  8670
  8565
  8735
  8625
  8805
  8275
  8955
  8650
  8715
  8795
  8550
  8330
  8705
  8325
  8420
  8680
  8545
  8855
  8525
  8720
  8180
  8540
  8580
  8380
  8945
  8400
  8265
  8245
  8550
  8655
  8190
  8385
  8670
  8580
  8680
  8455
  8675
  8740
  8995
  8480
  8350
  8715
  8610
  8365
  8720
  8550
  8730
  8185
  8785
  8925
  8280
  8635
  8735
  8690
  8675
  8625
  9055
  8580
  8550
  8450
  8600
  8550
  8895
  8555
  8520
  8530
  8660
  8450
  8875
  8790
  8580
  8620
  8830
  8540
  8735
  8560
  8520
  8665
  8650
  8330
  8340
  8725
  8585
  8545
  8575
  8530
  8450
  8545
  8620
  8650
  8855
  8275
  8590
  8520
  8535
  8265
  8665
  8875
  8775
  8495
  8855
  8615
  8580
  8785
  8605
  8495
  8485
  8515
  8540
  8630
  8875
  8850
  8795
  8855
  8905
  8805
  8705
  8240
  8895
  8495
  8730
  8320
  8740
  8945
  8550
  8860
  8535
  8795
  8900
  8710
  8495
  9080
  8855
  8725
  8435
  8315
  8255
  8930
  8680
  8795
  8765
  8440
  8830
  8310
  8370
  8625
  8470
  8615
  8635
  8660
  8455
  8860
  8575
  8600
  8510
  9005
  8790
  8220
  8450
  8785
  8440
  9010
  8520
  8465
  8685
  8395
  8555
  8665
  8580
  8605
  8555
  8550
  8865
  8745
  8590
  8455
  8800
  8735
  8635
  8935
  8555
  8900
  8775
  8870
  8860
  8495
  8620
  8660
  8660
  8580
  8645
  8585
  8605
  8600
  8400
  8430
  8515
  8810
  8665
  8910
  8685
  8670
  8630
  8705
  8560
  8520
  8315
  8845
  8565
  8525
  8505
  8900
  8835
  8565
  8665
  8400
  8470
  8625
  8685
  8520
  8695
  8550
  8765
  8500
  9175
  8645
  8880
  9110
  8995
  8745
  8405
  8700
  8680
  8755
  8780
  8350
  8650
  8080
  8875
  8680
  8635
  8995
  8790
  8285
  8525
  8210
  8710
  8310
  8860
  8650
  8545
  8890
  8705
  8855
  8535
  8930
  8435
  8520
  8815
  8765
  8895
  8480
  8455
  8635
  8990
  8870
  8455
  8715
  8980
  8660
  8675
  8730
  8730
  8730
  8740
  8875
  8600
  8600
  8770
  8390
  8290
  8815
  8555
  8710
  8600
  8940
  8775
  8180
  8265
  8655
  8435
  8785
  8760
  8310
  8700
  8345
  8465
  8265
  8545
  8375
  8740
  8735
  8480
  8815
  9100
  8655
  8860
  8890
  8675
  8335
  8560
  8325
  8315
  8635
  8985
  8455
  8445
  8800
  8315
  8870
  8725
  8690
  8610
  8645
  8760
  9050
  9040
  8615
  8610
  8715
  8570
  8835
  8545
  8940
  8340
  8690
  8450
  8765
  9105
  8660
  8630
  8780
  8295
  8910
  8755
  8735
  8495
  8785
  9025
  8860
  8595
  8405
  8520
  8850
  8540
  8675
  8510
  8450
  8895
  8390
  8370
  8275
  8360
  8905
  8590
  8525
  8465
  8475
  8930
  8695
  8580
  8405
  8680
  8365
  8325
  8365
  8655
  8610
  8480
  8565
  8760
  8370
  8610
  8990
  8840
  8265
  8710
  8480
  8595
  8350
  8595
  8540
  8730
  8515
  8135
  8520
  8730
  8950
  8550
  8955
  8620
  8615
  8630
  8400
  8685
  8680
  8180
  8260
  8415
  8190
  8175
  8520
  8600
  8405
  8520
  8615
  8370
  8750
  8870
  8890
  8480
  8390
  9075
  8930
  8795
  8785
  8780
  8450
  8445
  8905
  8445
  8725
  8860
  8685
  8320
  8410
  8760
  8940
  8780
  8885
  8565
  8615
  8230
  8655
  8775
  8475
  9145
  8655
  8660
  8890
  8705
  8750
  8200
  8305
  8530
  8665
  8695
  8660
  8765
  8830
  8995
  8820
  8630
  8685
  8855
  8795
  8710
  8385
  8615
  8390
  8525
  8275
  8420
  8665
  8570
  8865
  8845
  8570
  8595
  8750
  9145
  8570
  8775
  8560
  8530
  8755
  8950
  8615
  8370
  8435
  8690
  8760
  8530
  8765
  8870
  8550
  8325
  8540
  8940
  8810
  9030
  8585
  8740
  8445
  8425
  8560
  8735
  8850
  8515
  8190
  8665
  8800
  8750
  8825
  8690
  8795
  8615
  8895
  8465
  8735
  8700
  8560
  8465
  9130
  8560
  9185
  8395
  8455
  8570
  8680
  8745
  8425
  8985
  9590
  8300
  8720
  8455
  8755
  8565
  8795
  9070
  8435
  8610
  8170
  8805
  8705
  8750
  8850
  8605
  8965
  8450
  8385
  9050
  8495
  9065
  8765
  9020
  8710
  9135
  8875
  8390
  8570
  8385
  7870
  8295
  8330
  8795
  9050
  8805
  8520
  8845
  8600
  8690
  8615
  8565
  8895
  8595
  8610
  8560
  8760
  8790
  8450
  8765
  8940
  8495
  8715
  8735
  8595
  8435
  8405
  8285
  8485
  8685
  8700
  8545
  8640
  8680
  8920
  9150
  8570
  8535
  8770
  8680
  8720
  8830
  8755
  8795
  8580
  8375
  8985
  8590
  8570
  8855
  9025
  8940
  8805
  8915
  8455
  8550
  9135
  8635
  8490
  8760
  8645
  8530
  8515
  8880
  8645
  8705
  8025
  8585
  8765
  8605
  8590
  8370
  8480
  8800
  8565
  8865
  8605
  8290
  8635
  8870
  8760
  8555
  8645
  8870
  8375
  9070
  8460
  8630
  8595
  8790
  8950
  8845
  8820
  8880
  8650
  8720
  8610
  9090
  8465
  8795
  8910
  8790
  8855
  8880
  8830
  8435
  8605
  8770
  8740
  8950
  8740
  8290
  8760
  8865
  8625
  8765
  8900
  8275
  8480
  8455
  8885
  8895
  8870
  8695
  8510
  8505
  8740
  8900
  8850
  8415
  8345
  8875
  8395
  8750
  8600
  8670
  8485
  8700
  8830
  8560
  8975
  8620
  8720
  8900
  8855
  8860
  8650
  8780
  8725
  8770
  8460
  8640
  8955
  8900
  9005
  8535
  8985
  8690
  8640
  8930
  8725
  8750
  8955
  9090
  8895
  8830
  8740
  8930
  8680
  8805
  8450
  8705
  8600
  8865
  8680
  8460
  8145
  8585
  8735
  8455
  8610
  8430
  8390
  8820
  8555
  8490
  8770
  8590
  9420
  8460
  8380
  8800
  8310
  8560
  8500
  8790
  8365
  8440
  8720
  8610
  8555
  8310
  8490
  8380
  8650
  8855
  8750
  8735
  8370
  8525
  8545
  8565
  8685
  8480
  8645
  8675
  8755
  8640
  8655
  8705
  8870
  8815
  8650
  8640
  8775
  8765
  8560
  8730
  8335
  8700
  8635
  8525
  8665
  8320
  8290
  8625
  8230
