     0
  6980
  7620
  7880
  7310
  7745
  7645
  7965
  7400
  7915
  7335
  8135
  7665
  8180
  7430
  7830
  7290
  7790
  7660
  8055
  7150
  7930
  7295
  7950
  7670
  8205
  7485
  8115
  7385
  8345
  7615
  8145
  7490
  8050
  7615
  7970
  7430
  8085
  7570
  8265
  7505
  8490
  7870
  8075
  7570
  8040
  7485
  8425
  8380
  7335
  8295
  7445
  7510
  7385
  7880
  7350
  7980
  7490
  7800
  7100
  7875
  7670
  8015
  7090
  7960
  7515
  7795
  7435
  7555
  7365
  7895
  7300
  8050
  7380
  7685
  7355
  7910
  7360
  7830
  7495
  8175
  7050
  7980
  7660
  7415
  7490
  8030
  7305
  8145
  7285
  7815
  7595
  7925
  7345
  7795
  7040
  7735
  7465
  8025
  7320
  7790
  7630
  8055
  7455
  7845
  7430
  7980
  7605
  7635
  7230
  8045
  7465
  7910
  7405
  8015
  7035
  7770
  7455
  7930
  7355
  8030
  7210
  7655
  7410
  7520
  7260
  7875
  7555
  7685
  7520
  7900
  7355
  8205
  7275
  7850
  7645
  7850
  7380
  8195
  7250
  7650
  7530
  7820
  7635
  7600
  7210
  7830
  7385
  7600
  7370
  7715
  7415
  7615
  7405
  8125
  7415
  7850
  7485
  7850
  7525
  7865
  7625
  7885
  7180
  7605
  7395
  8005
  7610
  7585
  7445
  7870
  7485
  7720
  7315
  7980
  7505
  7835
  7660
  7735
  7450
  7950
  7465
  7775
  7150
  7915
  7485
  7750
  7385
  7725
  7330
  7975
  7385
  7905
  7350
  7890
  7575
  7900
  7280
  7725
  7260
  7565
  7555
  7585
  7255
  8175
  7430
  7990
  7120
  7915
  7635
  7860
  7565
  8215
  7395
  7915
  7545
  8060
  7535
  7835
  7545
  8070
  7465
  8045
  7285
  7970
  7425
  7870
  7375
  7950
  7825
  7870
  7325
  7795
  7085
  7860
  7115
  7930
  7570
  8040
  7195
  7560
  7405
  8085
  7465
  7685
  7460
  7955
  7210
  8195
  7345
  7880
  7240
  7690
  7310
  7830
  7830
  7285
  7390
  7730
  6915
  7965
  7475
  7780
  7365
  8095
  7575
  8145
  7500
  7930
  7480
  8230
  7495
  8335
  7515
  8385
  7280
  8340
  7670
  8175
  7600
  7950
  7860
  8405
  7560
  8125
  7515
  8285
  7720
  8400
  7495
  7885
  7610
  8315
  7565
  7880
  7825
  8105
  7645
  7990
  7565
  7915
  7445
  7990
  7720
  8175
  7530
  8225
  7625
  7945
  7655
  8305
  7695
  8145
  7650
  8050
  7445
  7955
  7600
  8115
  7430
  8170
  7270
  8055
  7690
  8135
  7375
  8045
  7750
  8090
  7385
  7975
  7470
  8375
  7270
  8020
  7405
  8190
  7895
  7975
  8480
  7580
  8450
  7770
  8285
  7365
  8260
  7395
  8255
  7695
  8205
  7540
  8390
  7565
  8450
  7675
  8445
  7850
  8170
  7520
  8070
  7485
  7905
  7435
  8290
  7330
  8205
  7720
  8030
  7595
  8135
  7555
  8145
  7530
  8185
  7445
  8345
  7405
  8150
  7415
  8425
  7785
  7990
  7525
  8145
  7530
  8180
  7525
  8300
  7805
  8205
  7280
  8055
  7650
  8020
  7590
  8125
  7395
  8010
  7635
  8190
  7610
  8220
  7460
  8240
  7635
  8195
  7915
  7960
  7525
  8225
  7220
  8375
  7580
  7865
  7635
  8240
  7445
  8115
  7695
  8680
  7650
  7965
  7600
  8250
  7580
  8090
  7585
  8015
  7500
  8150
  7800
  8350
  7435
  8000
  7780
  7975
  7275
  8280
  7660
  8235
  7595
  8225
  7585
  8560
  7835
  8460
  7845
  8345
  7355
  8045
  7300
  8080
  7355
  8050
  7560
  7970
  7065
  8295
  7700
  7985
  7505
  8180
  7610
  8045
  7540
  8500
  7480
  8365
  7485
  8245
  7895
  7995
  7360
  8560
  7460
  8220
  7475
  8395
  7455
  8050
  7625
  8010
  7615
  8330
  7820
  8120
  7590
  8075
  7665
  7970
  7810
  8260
  7335
  8040
  7635
  7925
  7565
  8070
  7630
  8040
  7620
  8240
  7495
  8215
  7485
  7895
  7545
  8135
  7435
  8095
  7475
  8370
  7615
  8115
  7565
  7940
  7465
  8355
  7455
  8000
  7565
  8315
  7450
  7715
  7470
  8425
  7235
  8155
  7735
  7885
  7440
  8105
  7455
  8295
  7570
  7865
  7665
  8110
  7325
  8300
  7485
  8205
  7540
  8080
  7030
  8445
  7640
  7870
  8490
  7700
  8075
  7510
  7725
  7520
  8195
  8005
  7875
  7620
  7905
  7500
  8320
  7415
  8215
  7725
  8215
  7560
  8155
  7585
  8110
  7315
  8175
  7820
  8390
  7195
  8075
  7575
  8020
  7760
  8135
  7330
  8195
  7765
  7800
  7580
  8275
  7595
  8025
  7410
  8175
  7305
  8170
  7105
  7785
  7475
  8120
  7980
  8085
  7765
  7890
  7520
  8275
  7515
  7855
  7590
  7995
  7455
  8015
  7390
  8190
  7570
  8200
  7575
  8235
  7225
  8365
  7570
  8225
  7420
  7855
  7560
  8485
  7515
  7780
  7595
  8000
  7255
  8420
  7480
  8110
  7510
  8230
  7445
  7820
  7400
  7900
  7285
  8110
  7515
  7790
  7660
  8190
  7520
  7820
  7580
  7915
  7430
  8335
  7505
  7750
  7475
  8400
  7315
  8270
  7285
  8265
  7230
  8325
  7845
  7920
  7535
  8140
  7605
  8315
  7760
  8040
  7555
  8395
  7515
  8310
  7740
  8030
  7635
  7995
  7645
  8040
  7620
  8160
  7590
  8285
  7355
  8325
  7760
  8415
  7600
  8275
  7500
  8075
  7565
  8450
  7705
  8300
  7555
  8150
  7860
  8280
  7165
  8390
  7250
  8495
  7495
  8070
  7655
  8460
  7585
  8245
  7435
  8195
  7240
  8555
  7530
  8025
  7535
  8325
  7515
  8555
  7540
  7865
  7730
  8500
  7330
  8480
  7480
  7980
  7530
  8455
  7745
  8425
  7720
  7785
  7475
  8155
  7455
  8490
  7640
  8020
  7510
  8205
  7485
  8255
  7575
  8405
  7415
  8070
  7645
  8815
  7870
  8415
  7685
  8220
  7450
  7880
  7625
  7855
  7615
  8555
  7680
  8380
  8690
  7465
  8385
  7705
  8340
  7390
  8035
  7630
  8295
  7540
  7850
  7655
  7775
  7455
  8290
  7540
  8055
  7860
  8370
  7250
  8130
  7355
  7815
  7435
  8275
  7360
  8185
  7995
  8305
  7260
  8540
  7575
  8360
  7315
  8310
  7545
  7925
  7540
  8365
  7545
  8365
  7475
  8170
  7580
  8260
  7670
  8260
  7505
  8125
  7480
  8560
  7695
  8185
  7635
  8320
  7700
  8240
  7385
  7865
  7740
  8370
  7490
  8125
  7700
  8130
  7145
  8640
  7340
  7845
  7575
  8065
  7635
  8680
  7375
  8270
  7515
  7925
  7305
  8410
  7700
  8130
  7570
  8030
  7585
  7785
  7730
  8110
  7710
  8000
  7295
  7900
  7495
  8105
  7860
  8210
  7395
  8325
  7365
  7975
  7410
  8090
  7340
  8205
  7455
  8255
  7460
  7890
  7810
  8135
  7580
  8125
  7420
  8150
  7735
  7970
  7485
  8040
  7635
  8160
  7595
  7925
  7480
  8280
  7185
  8260
  7265
  7830
  7440
  8175
  7460
  7995
  7730
  8195
  7830
  8460
  7690
  8075
  7580
  8365
  7425
  8135
  7320
  8270
  7460
  8070
  7510
  8030
  7270
  8105
  7400
  8570
  7520
  8380
  7665
  7955
  7505
  8100
  7530
  8320
  7690
  8155
  7480
  8170
  7245
  8260
  7665
  8245
  7645
  7945
  7280
  8250
  7540
  8405
  7225
  7900
  7465
  8305
  7600
  8250
  7645
  8355
  7630
  8120
  7525
  8065
  7715
  8260
  7305
  8260
  7540
  8105
  7625
  8055
  7415
  8230
  7530
  8115
  7665
  8415
  7635
  8080
  7445
  8265
  7370
  8090
  7540
  7980
  7340
  8045
  7400
  8075
  7545
  8255
  7695
  8425
  7245
  7960
  7725
  8205
  7650
  8115
  7830
  8130
  7345
  8040
  7585
  7970
  7590
  8400
  7810
  8005
  7665
  7680
  7355
  8220
  7380
  8810
  7485
  8210
  7205
  8105
  7580
  8260
  7790
  8510
  7300
  8280
  7565
  8270
  7515
  8200
  7585
  8265
  7650
  8245
  7355
  8115
  7340
  8420
  7670
  8120
  7460
  8160
  7505
  8250
  7600
  8235
  7330
  8370
  7380
  7965
  7485
  8080
  7475
  8065
  7385
  7840
  7645
  8145
  7615
  8365
  7320
  8020
  7550
  8095
  7425
  7795
  7530
  8325
  7590
  8010
  7675
  8195
  7435
  7905
  7560
  8115
  7795
  8185
  7690
  8190
  7415
  8450
  7795
  8560
  7945
  8055
  7505
  8380
  7500
  8025
  7525
  8225
  7655
  8655
  7460
  8290
  7420
  7870
  7620
  8525
  7440
  8580
  7665
  8530
  7435
  8255
  7560
  8110
  7605
  7710
  7835
  8015
  7420
  8185
  7180
  8015
  7570
  8530
  7475
  8145
  7230
  8045
  7665
  8360
  7455
  8065
  7580
  8360
  7260
  8305
  7550
  8455
  7180
  8125
  7795
  8085
  7610
  7640
  7680
  8005
  7420
  8045
  7510
  8290
  7590
  7850
  7560
  8395
  7610
  8155
  7525
  8420
  7610
  8225
  7335
  8195
  7455
  7905
  7600
  8380
  7635
  7935
  7595
  8210
  7365
  8470
  7690
  7730
  7685
  8295
  7555
  8365
  7895
  8045
  7445
  7980
  7825
  8140
  7785
  8220
  7850
  8370
  7510
  8365
  7365
  8195
  7700
  7925
  7515
  8030
  7695
  8405
  7645
  8175
  7380
  7770
  7480
  8375
  7570
  8165
  7385
  8090
  7480
  8135
  7515
  8350
  7590
  8340
  7685
  8150
  7915
  7910
  7245
  7850
  7530
  8235
  7610
  8260
  7370
  7860
  7635
  8190
  7680
  8175
  7690
  8010
  7415
  8250
  7345
  8145
  7395
  8230
  7570
  8245
  7655
  8495
  7590
  8515
  7575
  8035
  7350
  8305
  7525
  8185
  7325
  8070
  7255
  8260
  7430
  8100
  7670
  8085
  7350
  8260
  7535
  8090
  7440
  8435
  7340
  8170
  7415
  8240
  7445
  7980
  7615
  7675
  7185
  8275
  7595
  8020
  7630
  8255
  7510
  8005
  7635
  8115
  7665
  8510
  7690
  8060
  7230
  8630
  7565
  8175
  7375
  8025
  7460
  7935
  7585
  7770
  7595
  8155
  7660
  8360
  7185
  8275
  7475
  8155
  7615
  8365
  7810
  7620
  7385
  8145
  7470
  8450
  7160
  8300
  7635
  8075
  7455
  7995
  7685
  8380
  7440
  7945
  7350
  7915
  7600
  8130
  7600
  8130
  7385
  8445
  7445
  8005
  7465
  8050
  7415
  8250
  7595
  7880
  7660
  8270
  7625
  8485
  7865
  7935
  7275
  8465
  7520
  8210
  7730
  7885
  7310
  8350
  7480
  7820
  7420
  8025
  7830
  8300
  7415
  8270
  7565
  8555
  7550
  8040
  7300
  8270
  7710
  8085
  7760
  8070
  7490
  8245
  7455
  8310
  7560
  8215
  7505
  8290
  7390
  8350
  7730
  8055
  7395
  8120
  7470
  7865
  7510
  8065
  7720
  8130
  7340
  8520
  7480
  8330
  7725
  8490
  7605
  7990
  7405
  8265
  7335
  8200
  7450
  7905
  7445
  8290
  7570
  7975
  7305
  7830
  7450
  8405
  7730
  8055
  7360
  8150
  7400
  8420
  7670
  8240
  7310
  8200
  7300
  8295
  7695
  8175
  7770
  8355
  7960
  7960
  7400
  8120
  7725
  8275
  7635
  8615
  7445
  8035
  7365
  8195
  7465
  7940
  7765
  8235
  7510
  8360
  7700
  8295
  7635
  8060
  7475
  8380
  7430
  8555
  7340
  8425
  7650
  8295
  7310
  8170
  7625
  8125
  7435
  8390
  7515
  8330
  7345
  8185
  7325
  7950
  7605
  8305
  7410
  8705
  7540
  8070
  7420
  8250
  7680
  8375
  7840
  7990
  7530
  8370
  7610
  7985
  7580
  8165
  7465
  8445
  7605
  8290
  7730
  7935
  7365
  7935
  7510
  8340
  7445
  7960
  7210
  7975
  7350
  8500
  7300
  7970
  7330
  8550
  7760
  8150
  7750
  8185
  7205
  8145
  7810
  8190
  7535
  8000
  7630
  8300
  7735
  8095
  7190
  8355
  7660
  8070
  7490
  7955
  7385
  8260
  7655
  8255
  7640
  8070
  7320
  8425
  7615
  8075
  7625
  8325
  8065
  7530
  7350
  7880
  7405
  8195
  7580
  8475
  7330
  8155
  7470
  7965
  7555
  8280
  7845
  8025
  7780
  8380
  7220
  8305
  7680
  7900
  8000
  7855
  7545
  8605
  7510
  8290
  7475
  8200
  7635
  8205
  7410
  8290
  7365
  8320
  7715
  8400
  7685
  8090
  7690
  8330
  7360
  8150
  7690
  8210
  7505
  8590
  7460
  7855
  7430
  8225
  7430
  8395
  7685
  7835
  7230
  8450
  7735
  8285
  7455
  8100
  7285
  8125
  7485
  8095
  7830
  8235
  7465
  8300
  7315
  8465
  7585
  8115
  7775
  8215
  7795
  8350
  7730
  8495
  7525
  8185
  7600
  8215
  7590
  7685
  7525
  8180
  7420
  8575
  7660
  8220
  7470
  8385
  7370
  8315
  7450
  8325
  7455
  8165
  7515
  8000
  7765
  8105
  7265
  7965
  7420
  8310
  7500
  8150
  7700
  8080
  7705
  8115
  7675
  7935
  8030
  7790
  7370
  8265
  7725
  8535
  7310
  8505
  7405
  7685
  7595
  8235
  7540
  8150
  7950
  8250
  7615
  8165
  7930
  8140
  7620
  7995
  7730
  8290
  7645
  8120
  7600
  8480
  7670
  8310
  7715
  8010
  7675
  8195
  7360
  8225
  7810
  8335
  7635
  8340
  7350
  8160
  7625
  8240
  7175
  8300
  7725
  8145
  7690
  8160
  7410
  8375
  7680
  8585
  7690
  7730
  7540
  8260
  7450
  7915
  7505
  8395
  7320
  8490
  7820
  7660
  7670
  8275
  7310
  8370
  7735
  8240
  7585
  8130
  7550
  7975
  7570
  8350
  7295
  8250
  7690
  8320
  7465
  8005
  7770
  8155
  7505
  8185
  7830
  8030
  7645
  8465
  7360
  8385
  7450
  8070
  7505
  8375
  7480
  8115
  7440
  7840
  7375
  8075
  7730
  8425
  7560
  8425
  8190
  8350
  7720
  8465
  7405
  8130
  7635
  8720
  7675
  8385
  7625
  8400
  7670
  8275
  7425
  7915
  7425
  8310
  7490
  7950
  7410
  8065
  7665
  8510
  7210
  8135
  8665
  7495
  8290
  7655
  8160
  7575
  8405
  7645
  8125
  7690
  8085
  7355
  8135
  7410
  8345
  7675
  8190
  7790
  8075
  7630
  8080
  7780
  8640
  7530
  8185
  7375
  7990
  7790
  8340
  7550
  7925
  7715
  8235
  7670
  8275
  7990
  8260
  7650
  8105
  7705
  8275
  7615
  8330
  7790
  8175
  7635
  8220
  7425
  8190
  7565
  8555
  7600
  8385
  7425
  8180
  8220
  7305
  8330
  7500
  8490
  7510
  8155
  7740
  8165
  7820
  8235
  7990
  8120
  7745
  8195
  7570
  8295
  7755
  8325
  7480
  8380
  7585
  8235
  7455
  8650
  8430
  7515
  8385
  7670
  8175
  7660
  8110
  7690
  8280
  7730
  8180
  7340
  7960
  7785
  8655
  7525
  8260
  7230
  8370
  7245
  7890
  7735
  8340
  7415
  8635
  7630
  8445
  7455
  8440
  7545
  8455
  8955
  7960
  8150
  7665
  8380
  7420
  8215
  7700
  8215
  7705
  8385
  7505
  8165
  7615
  8380
  7665
  8260
  7190
  8535
  7595
  8470
  7425
  8025
  7690
  8520
  7225
  8505
  7290
  7990
  7555
  7910
  7960
  8625
  7520
  8480
  7975
  8385
  7385
  7965
  7435
  8405
  7315
  8290
  7525
  8130
  7545
  8505
  7430
  8235
  7800
  8100
  7630
  8545
  7530
  8430
  7675
  8360
  7510
  8160
  7715
  8375
  7635
  8285
  7740
  8475
  7985
  8105
  7940
  8275
  7615
  8150
  7560
  8250
  7570
  8085
  7795
  8415
  7585
  8400
  7710
  8040
  7560
  8375
  7535
  8390
  7245
  8310
  7520
  8185
  7740
  8170
  7610
  8110
  7495
  8280
  7425
  8325
  7895
  7980
  7805
  8445
  7570
  8055
  7385
  8085
  7925
  8385
  7435
  7905
  7835
  8325
  7850
  8235
  7375
  8280
  7600
  8245
  7680
  8465
  7720
  8005
  7300
  8060
  7515
  8160
  7560
  8000
  7690
  7890
  7885
  8105
  7750
  8275
  7465
  8245
  7505
  8235
  7540
  8300
  7690
  8400
  7615
  8465
  7590
  8265
  7295
  8620
  7675
  8470
  7610
  8440
  7250
  8490
  7395
  8465
  7640
  8120
  7680
  8315
  7700
  8075
  7850
  8160
  7600
  8015
  7600
  8240
  7590
  8305
  7425
  8350
  7600
  8220
  7560
  8555
  7405
  8375
  7250
  8445
  7290
  8335
  7505
  8105
  7700
  8100
  7575
  8195
  7355
  8330
  7785
  8140
  7535
  8150
  7330
  8410
  7820
  8170
  7365
  7840
  7755
  8310
  7695
  8395
  7370
  8555
  7465
  8385
  7575
  8100
  7180
  7825
  7480
  8550
  7590
  8415
  7570
  8205
  7520
  8060
  7955
  8225
  7495
  8285
  7560
  8460
  7655
  8260
  7620
  8390
  7690
  8260
  7670
  8260
  7660
  8270
  7540
  8405
  7515
  8625
  7670
  8240
  7490
  8075
  7630
  8020
  7715
  8200
  7310
  8150
  7480
  8275
  7745
  8185
  7560
  8300
  7385
  8020
  7765
  8195
  7450
  8225
  7695
  8330
  7450
  8090
  7675
  8205
  7360
  8370
  7700
  8130
  7540
  8295
  7455
  8150
  7420
  8300
  7480
  8530
  7435
  8280
  7360
  8265
  7545
  7690
  7495
  8475
  7700
  7970
  7755
  8405
  7515
  8275
  7400
  8285
  7710
  8385
  7345
  8540
  7545
  8325
  7490
  8025
  7435
  8275
  7465
  8075
  7510
  8115
  7530
  8175
  7525
  8245
  7735
  7940
  7310
  8030
  7450
  8010
  7445
  8020
  7360
  8550
  7580
  8500
  7535
  8150
  7280
  8425
  7380
  8385
  7785
  8155
  7225
  8025
  7415
  8375
  7420
  7995
  7475
  8070
  7490
  8240
  7420
  8000
  7485
  8350
  7905
  8385
  7440
  8040
  7465
  8115
  7470
  8225
  7850
  7955
  7385
  8260
  7635
  8550
  7480
  8245
  7075
  8585
  7455
  8040
  7230
  8495
  7515
  8225
  7315
  8135
  7280
  8160
  7560
  8315
  7710
  8425
  7655
  8135
  7475
  8000
  7245
  8300
  7435
  8525
  7490
  8280
  7740
  8040
  7680
  8115
  7490
  8295
  7635
  8305
  7565
  8430
  7695
  8400
  8005
  8295
  7420
  8325
  7710
  8120
  7485
  8360
  7730
  8285
  7725
  8480
  7520
  8300
  7420
  8380
  7805
  8070
  7460
  8325
  7420
  8260
  7950
  8425
  7675
  8195
  7690
  8270
  7415
  8085
  7695
  8070
  7400
  8070
  7275
  8165
  7970
  8625
  7410
  7995
  7445
  8375
  7505
  7875
  7515
  8465
  7545
  8120
  7450
  8405
  7115
  8170
  7690
  8005
  7615
  8145
  7540
  8320
  7775
  8510
  7480
  8200
  7410
  8340
  8670
  7360
  7955
  7715
  8100
  7565
  8445
  7590
  8210
  7500
  8475
  7755
  8520
  7575
  8375
  7250
  8370
  7395
  7780
  7730
  8265
  7405
  8460
  7735
  7895
  7520
  8025
  7570
  8385
  7265
  8170
  7565
  7925
  7760
  8330
  7715
  8285
  7675
  8115
  7670
  8130
  7550
  8445
  7730
  7940
  7785
  8460
  7540
  8330
  7790
  7965
  7605
  8335
  7335
  8140
  7615
  8260
  7710
  8400
  7680
  8020
  7610
  7965
  7665
  8350
  7250
  8555
  7675
  8555
  7655
  7935
  7335
  8555
  7465
  8280
  7595
  8225
  7525
  8255
  7630
  8405
  7615
  8220
  7560
  8360
  7440
  8110
  7385
  8530
  7590
  8260
  7280
  8005
  7670
  8230
  7640
  8300
  7775
  8455
  7585
  8300
  7600
  8130
  7490
  8260
  7640
  8115
  7710
  8330
  7675
  8120
  7345
  8020
  7450
  7745
  7785
  8345
  7725
  7945
  7480
  8465
  7440
  8280
  7285
  8445
  7650
  8345
  7560
  8340
  7520
  7980
  7590
  8340
  7270
  8155
  7305
  7990
  7510
  8410
  7510
  8265
  7930
  8055
  7545
  8215
  7795
  8035
  7425
  8220
  7315
  8525
  7395
  8775
  7805
  8370
  7935
  7950
  7365
  8390
  7670
  8355
  7525
  8195
  7155
  8305
  7610
  8045
  7750
  8150
  7625
  8175
  7495
  8230
  7665
  8155
  7770
  8145
  7820
  8530
  7575
  8170
  7755
  7885
  7515
  7910
  7450
  8155
  7655
  8515
  7575
  8250
  7750
  8225
  7350
  8390
  7615
  7945
  7625
  8185
  7530
  8160
  7610
  7925
  7575
  8185
  7320
  8495
  7495
  7965
  7460
  8245
  7340
  8550
  7705
  8005
  7625
  8510
  7495
  8340
  7330
  8210
  7605
  8205
  7395
  8150
  7590
  7940
  7365
  8400
  7505
  8215
  7625
  8465
  7545
  8365
  7385
  8115
  7785
  8515
  7080
  8130
  7520
  8060
  7610
  8020
  7595
  8140
  7580
  8255
  7400
  8135
  7570
  8475
  7260
  8025
  7590
  8185
  7165
  8170
  7985
  7985
  7720
  8160
  7375
  8160
  7305
  8010
  7430
  8340
  7280
  8175
  7755
  8025
  7290
  8455
  7450
  8285
  7585
  8275
  7625
  8175
  7590
  8280
  7510
  8200
  7505
  8175
  7435
  8000
  7800
  8345
  7280
  8055
  7460
  8085
  7685
  8365
  7490
  8125
  7645
  7985
  7625
  8290
  7950
  8595
  7435
  7975
  7705
  8320
  7770
  8270
  7455
  7725
  7740
  8020
  7615
  8020
  7630
  7975
  7460
  8365
  7650
  7955
  7930
  8170
  7850
  8045
  7725
  8230
  7415
  8060
  7695
  8145
  7660
  8250
  7555
  8360
  7680
  8165
  7720
  8140
  7890
  8305
  7530
  8400
  7385
  8375
  7370
  8525
  7715
  8215
  7460
  8495
  7540
  8185
  7480
  8295
  7330
  8330
  7265
  7940
  7285
  8455
  7740
  8455
  7240
  8400
  7850
  8630
  7835
  8305
  7575
  8230
  7960
  8155
  7330
  8005
  7540
  8640
  7665
  8225
  7595
  8205
  7670
  8450
  7335
  8130
  7565
  8435
  7690
  8305
  7605
  8025
  7170
  8570
  7525
  8195
  7560
  8305
  7455
  8180
  7365
  8180
  7305
  7880
  7650
  7960
  7690
  8155
  7695
  8120
  7540
  8070
  7660
  8280
  7450
  8405
  7390
  8165
  7450
  8065
  7495
  8065
  7600
  8485
  7580
  8145
  7785
  8315
  7605
  8145
  7475
  8265
  7510
  8390
  7625
  8550
  7480
  8100
  7500
  8165
  7270
  8315
  7510
  8175
  7560
  8325
  7560
  8495
  7500
  8015
  7650
  8415
  7555
  8110
  7470
  8500
  7620
  8450
  7485
  8555
  7505
  8140
  7265
  8120
  7870
  8140
  7940
  8310
  7380
  8075
  7585
  8270
  7700
  8505
  7585
  8370
  7600
  8365
  7560
  8585
  7590
  8215
  7660
  8010
  7455
  8410
  7865
  8000
  7550
  8205
  7620
  7905
  7320
  8335
  7470
  8405
  7815
  8125
  7565
  8145
  7490
  8455
  7265
  8075
  7550
  8275
  7225
  8300
  7595
  8165
  7570
  8040
  7325
  8080
  7335
  8375
  7600
  8200
  7635
  8030
  7210
  8340
  7635
  8225
  7190
  8345
  7250
  8250
  7365
  8230
  7380
  8240
  7885
  8380
  7320
  8290
  7665
  8015
  7440
  8225
  7535
  8470
  7480
  7890
  7485
  8225
  7310
  8315
  7545
  8280
  7820
  8190
  7535
  8595
  7390
  8455
  7875
  7970
  7650
  8300
  7750
  8060
  7825
  8180
  7485
  8400
  7550
  7960
  7540
  8080
  7760
  7840
  7405
  8385
  7410
  8350
  7345
  8090
  7950
  8155
  7545
  8395
  7655
  8210
  7460
  8340
  7475
  8600
  7150
  8430
  7440
  7860
  7600
  8490
  7735
  8480
  7460
  7755
  7310
  8240
  7520
  8335
  7790
  8410
  7530
  8450
  7545
  8585
  7615
  8270
  7600
  8250
  7410
  8260
  7200
  8350
  7435
  8205
  7765
  7975
  7780
  8375
  7065
  8415
  7640
  8260
  7630
  8195
  7640
  8235
  7265
  8145
  7590
  8045
  7555
  8045
  7720
  8005
  7560
  8365
  7565
  8315
  7585
  8085
  7350
  8355
  7600
  8340
  7630
  8120
  7615
  8200
  7900
  8110
  7415
  8320
  7255
  8270
  7510
  8050
  7415
  8425
  7260
  8175
  7945
  8190
  7670
  8225
  7695
  7870
  7775
  8345
  7745
  8040
  7340
  8415
  7555
  8195
  7330
  8115
  7130
  8290
  8260
  7590
  8210
  7490
  7970
  7545
  7820
  7590
  8275
  7515
  8430
  7550
  8490
  7470
  8240
  7490
  8075
  7455
  8360
  7515
  8265
  7270
  8285
  7615
  8520
  7870
  8455
  7505
  8390
  7585
  7845
  7755
  8105
  7415
  8220
  7460
  8340
  7780
  8225
  7605
  8290
  7355
  8340
  7345
  8340
  7165
  8150
  7320
  8465
  7405
  8105
  7440
  8280
  7360
  8155
  7820
  8205
  7760
  8140
  7665
  8330
  7680
  7945
  7695
  8295
  7805
  8430
  7590
  8050
  7495
  8260
  7975
  8275
  8315
  7595
  8150
  7330
  8130
  7510
  8195
  7405
  8265
  7560
  8295
  7445
  8095
  7560
  8105
  7420
  8005
  8010
  8385
  7380
  7970
  7540
  8205
  7360
  8175
  7355
  8415
  7760
  7830
  7610
  8290
  7335
  8215
  7570
  8350
  7335
  8125
  7605
  7985
  7425
  8115
  7710
  8380
  7440
  8410
  7190
  8325
  7450
  8370
  7390
  8140
  7825
  8395
  7680
  8365
  7740
  8380
  7605
  8430
  7350
  8585
  7735
  8135
  7645
  8385
  7650
  8115
  7175
  8445
  7620
  8420
  7825
  8220
  7680
  8140
  7540
  8050
  7655
  8060
  7325
  7980
  7575
  8060
  7600
  8075
  7790
  8370
  7300
  8085
  7720
  8040
  7420
  8230
  7510
  8360
  7465
  8355
  7475
  8085
  7790
  8400
  7980
  8040
  7445
  8315
  7640
  8425
  7505
  8125
  7290
  8100
  7560
  8380
  7680
  8455
  7595
  8180
  7685
  8475
  7475
  8045
  7505
  7995
  7730
  8485
  7640
  8240
  7455
  8025
  7700
  8245
  7760
  8155
  7810
  8345
  7360
  8145
  7670
  8285
  7585
  8225
  7505
  8370
  7540
  8555
  7235
  8035
  7330
  8495
  7610
  8365
  7430
  8150
  7190
  8290
  7575
  8130
  7600
  8255
  7240
  8690
  7370
  8350
  7680
  8080
  7555
  8205
  7420
  8425
  7740
  8110
  7535
  8140
  7975
  8340
  7430
  8345
  7595
  8235
  7555
  8040
  7640
  8360
  7660
  8170
  7460
  8570
  7525
  8285
  7595
  8485
  7660
  8390
  7540
  8410
  7400
  8325
  7650
  8475
  7860
  8235
  7560
  8110
  7540
  8235
  7650
  8145
  7270
  8345
  7780
  8240
  7475
  7945
  7700
  8125
  7635
  8295
  7340
  8160
  7665
  8510
  7285
  7995
  7495
  8180
  7590
  8110
  7650
  8015
  7415
  8475
  7570
  8065
  7885
  8050
  7670
  7990
  7605
  7970
  7735
  8420
  7675
  8150
  7385
  8045
  7675
  8575
  7445
  7890
  7820
  8090
  7585
  8205
  7460
  8040
  7625
  8345
  7540
  8145
  7165
  8430
  7155
  8345
  7475
  8095
  7165
  8375
  7890
  8110
  7670
  8225
  7450
  8180
  7750
  8165
  7515
  8395
  7400
  8190
  7600
  8065
  7585
  8210
  7590
  8380
  7415
  8185
  7370
  8630
  7360
  8150
  7365
  8105
  7645
  8010
  7335
  7930
  7785
  8180
  7260
  8145
  7525
  8330
  7625
  8150
  7105
  8180
  7675
  7895
  7565
  7905
  7450
  8255
  7470
  8150
  8260
  8325
  7475
  8265
  7405
  7865
  7515
  8330
  7795
  8325
  7635
  8340
  7635
  8100
  7300
  8305
  7640
  8465
  7815
  8270
  7600
  8060
  7710
  8425
  7430
  8075
  7305
  8240
  7700
  7830
  7630
  8345
  7525
  8245
  7610
  8020
  7365
  8245
  7745
  8255
  7320
  8065
  7640
  8070
  7570
  8090
  7690
  8110
  7560
  8040
  7560
  8290
  7480
  7920
  7410
  8245
  7465
  8185
  7340
  8155
  7620
  8450
  7255
  8160
  7610
  8365
  7830
  8445
  7410
  8100
  7345
  8160
  7540
  8480
  8005
  8000
  7505
  8345
  7560
  8350
  7615
  8395
  7415
  8230
  7590
  8030
  7640
  8075
  7435
  8135
  7305
  8125
  7610
  8385
  7605
  8265
  7630
  8240
  7525
  8375
  7490
  7920
  7620
  8180
  7600
  8765
  7455
  7685
  7685
  8270
  7790
  8290
  7410
  8055
  7650
  8045
  7675
  8290
  7595
  7970
  7825
  7975
  7190
  8265
  7500
  8090
  7480
  8220
  7585
  8465
  7470
  8060
  7750
  8090
  7670
  8455
  7425
  8205
  7595
  7955
  7615
  8185
  7555
  8355
  7590
  8195
  7220
  8240
  7610
  8445
  7640
  7880
  7430
  8255
  7625
  7880
  7905
  8060
  7630
  8280
  7690
  8050
  7705
  8145
  7845
  8170
  7475
  8375
  7545
  7940
  7385
  8165
  7580
  8280
  7420
  7995
  7590
  8430
  7465
  8030
  7300
  8365
  7670
  8310
  7525
  8225
  7240
  8090
  7645
  8310
  7920
  8110
  7620
  8535
  7810
  8315
  7965
  8065
  7715
  8205
  7400
  7955
  7455
  8035
  7330
  8445
  7750
  8165
  7730
  8370
  7540
  8280
  7185
  8015
  7265
  8320
  7560
  8360
  7455
  8135
  7655
  7855
  7295
  8385
  7660
  7985
  7085
  7875
  7535
  8265
  7540
  8090
  7575
  8250
  7620
  7935
  7625
  8320
  7415
  7975
  7575
  8360
  7550
  8110
  7950
  8070
  7665
  8275
  7640
  8090
  7545
  8220
  7665
  8215
  7465
  7980
  7775
  8265
  8310
  8705
  8340
  8250
  7985
  8390
  8300
  8650
  8450
  8505
  8055
  8255
  8555
  8475
  8495
  8715
  8445
  8740
  8440
  8355
  8490
  8235
  8275
  8675
  8345
  8385
  8810
  8265
  8295
  8750
  8530
  8265
  8385
  7965
  8380
  8760
  8485
  8500
  8830
  8280
  8585
  8400
  8190
  8685
  8490
  8130
  8330
  8615
  8320
  8150
  8705
  8535
  8000
  8415
  8100
  8325
  8655
  8410
  8235
  8315
  8300
  8300
  8620
  8145
  8335
  8160
  8465
  8515
  8170
  8605
  8490
  8565
  8330
  8365
  8280
  8325
  8320
  8350
  8235
  8395
  8465
  8265
  8375
  8420
  8395
  8490
  8480
  8595
  8435
  8310
  8440
  8480
  8410
  8560
  8285
  8295
  8585
  8605
  8330
  8480
  8290
  8670
  8260
  8115
  8295
  8350
  8325
  8220
  8410
  8305
  8275
  8310
  8415
  8615
  8440
  8510
  8600
  8620
  8440
  8815
  8620
  8475
  7895
  8485
  8650
  8510
  8125
  8295
  8470
  8495
  8230
  8505
  8520
  8270
  8265
  8005
  8335
  8420
  8210
  8440
  8405
  8380
  8105
  8175
  8240
  8275
  8465
  8420
  8450
  8520
  8170
  8470
  8285
  8295
  8380
  8635
  8350
  8485
  8720
  8205
  8325
  8490
  8345
  8325
  8540
  8685
  7990
  8475
  8015
  8100
  8400
  8580
  8065
  8440
  8515
  8220
  8240
  8180
  8360
  8585
  8320
  8405
  8510
  8320
  8420
  8060
  8375
  8335
  8150
  8570
  8540
  8395
  8060
  8560
  8500
  8395
  8285
  8355
  8445
  8450
  8110
  8210
  8095
  8415
  8500
  8560
  8215
  8490
  8350
  8395
  8305
  8005
  8080
  8775
  8145
  8365
  8320
  8210
  8365
  8340
  8130
  8755
  8240
  8525
  8505
  8035
  8590
  8535
  8335
  8480
  8420
  8385
  8670
  8290
  8520
  8650
  8305
  8420
  8470
  8475
  8450
  8115
  8500
  8425
  8155
  8375
  8185
  8445
  8165
  8255
  8110
  8435
  8310
  8455
  8325
  7940
  8175
  8265
  8140
  8560
  8125
  8305
  8315
  8240
  8475
  8050
  8105
  8490
  8080
  8345
  8635
  8250
  8250
  8175
  8500
  8120
  8510
  8445
  8655
  8305
  8290
  8450
  8320
  8170
  8080
  8625
  8460
  8355
  8465
  8400
  8620
  8345
  8600
  8710
  8770
  8450
  8885
  8585
  8300
  8295
  8425
  8250
  8195
  8275
  8480
  8560
  8695
  8495
  8415
  8765
  8410
  9065
  8645
  8100
  8460
  8615
  8425
  8430
  8560
  8435
  8465
  8795
  8390
  8470
  8515
  8315
  8460
  8025
  8525
  8390
  8630
  8595
  8520
  8320
  8400
  8565
  8520
  8305
  8420
  8380
  8305
  8375
  8675
  8730
  8390
  8620
  8415
  8395
  8380
  8245
  8200
  8340
  8100
  8290
  8475
  8475
  8625
  8210
  8390
  8340
  8360
  8740
  8780
  8560
  8565
  8545
  8290
  8385
  8225
  8150
  8380
  8300
  8530
  8555
  8675
  8480
  8210
  8315
  8450
  8315
  8360
  8125
  8545
  8360
  8165
  8420
  8265
  8515
  8315
  8270
  8680
  8555
  8440
  8450
  8660
  8660
  8385
  8060
  8345
  8290
  8760
  8380
  8465
  8540
  8490
  8070
  8640
  8100
  8365
  8685
  8680
  8540
  8360
  8375
  8445
  8275
  8755
  8760
  8140
  8640
  8495
  8585
  8320
  8810
  8545
  8315
  8670
  8525
  8610
  8200
  8600
  8470
  8555
  8615
  8725
  8295
  8740
  8610
  8290
  8775
  8735
  8290
  8600
  8645
  8275
  8370
  8760
  8330
  8630
  8740
  8265
  8515
  8955
  8400
  8235
  8690
  8200
  8400
  8825
  8250
  8530
  8650
  8185
  8565
  8560
  8440
  8240
  8610
  8240
  8890
  8455
  8640
  8540
  8450
  8040
  8545
  8370
  8370
  8415
  8455
  8350
  8530
  8200
  8265
  8700
  8545
  8310
  8360
  8645
  8285
  8620
  8940
  8240
  8700
  8675
  8600
  8395
  8595
  8230
  8450
  8185
  8315
  8205
  8670
  8315
  8400
  8630
  8385
  8515
  8585
  8350
  8655
  8785
  8155
  8660
  8875
  8130
  8500
  8650
  8395
  8510
  8655
  8185
  8725
  8520
  8285
  8525
  8785
  8085
  8325
  8565
  8725
  8510
  8565
  8420
  8415
  8140
  8530
  8615
  8115
  8340
  8380
  8330
  8750
  8505
  8260
  8465
  8370
  8180
  8595
  8690
  8460
  8490
  8540
  8130
  8500
  8730
  8480
  8550
  8450
  8220
  8550
  8380
  8305
  8845
  8240
  8190
  8840
  8805
  8555
  8350
  8640
  8255
  8535
  8420
  8420
  8425
  8600
  8605
  8425
  8445
  8200
  8625
  8340
  8680
  8405
  8565
  8420
  8455
  8520
  8290
  8180
  8575
  8190
  8120
  8465
  8610
  8590
  8695
  8675
  8145
  8590
  8320
  8445
  8345
  8515
  8265
  8370
  8430
  8310
  8295
  8450
  8335
  8540
  8965
  8500
  8270
  8215
  8410
  8295
  8500
  8165
  8270
  8285
  8555
  8550
  8345
  8505
  8640
  8600
  8290
  8640
  8405
  8575
  8545
  8265
  8625
  8625
  8405
  8595
  8545
  8525
  8630
  8355
  8180
  8580
  8630
  8125
  8765
  8730
  8030
  8630
  8850
  8290
  8475
  8695
  8245
  8215
  8395
  8495
  8475
  8440
  8400
  8555
  8865
  8140
  8530
  8295
  8260
  8725
  8725
  8350
  8530
  8710
  8250
  8170
  8585
  8585
  8480
  8655
  8405
  8175
  8235
  8695
  8620
  8205
  8660
  8505
  7945
  8485
  8595
  8380
  8640
  8640
  8820
  8605
  8535
  8295
  8660
  8635
  8230
  8585
  8665
  8400
  8210
  8560
  8520
  8450
  8455
  8460
  8310
  8635
  9025
  8455
  8395
  8380
  8570
  8850
  8215
  8815
  8565
  8360
  8735
  7970
  8915
  8635
  8525
  7865
  8755
  8045
  8900
  8050
  8960
  8515
  8450
  8320
  8915
  8295
  8225
  8260
  9150
  7975
  8475
  8250
  9075
  8395
  8535
  8240
  8870
  8025
  8540
  8210
  8835
  8440
  8715
  8550
  8430
  8580
  8040
  8480
  8350
  8560
  8300
  8850
  8465
  8570
  7985
  8770
  8445
  8430
  8380
  8530
  8315
  8950
  8200
  8655
  8445
  8595
  8375
  8600
  8440
  8230
  8230
  8790
  8470
  8430
  7955
  8855
  8180
  8895
  8370
  8875
  8395
  8525
  8145
  8455
  8780
  8425
  8190
  8695
  7900
  8500
  8315
  8500
  8835
  8600
  8345
  8475
  8225
  8305
  8205
  8790
  8295
  8070
  8575
  8255
  8490
  8655
  8350
  8365
  8835
  8415
  8325
  8885
  8315
  8350
  8715
  8050
  8835
  8110
  8005
  8570
  7970
  8200
  8810
  8355
  8350
  8320
  8785
  8470
  8590
  8045
  8850
  8910
  8330
  7835
  8570
  8520
  8850
  8525
  8140
  8505
  8415
  8480
  7845
  8365
  8310
  8700
  7935
  8305
  8390
  8220
  8510
  8155
  8750
  8605
  8960
  8115
  8515
  8175
  8440
  8235
  8855
  8480
  8920
  8345
  8350
  8295
  9060
  8100
  8235
  8320
  8295
  8615
  8255
  8830
  8615
  8545
  8240
  8735
  8550
  8500
  8550
  8725
  8400
  8855
  8425
  8965
  8110
  8485
  8505
  8900
  8270
  8585
  8230
  8495
  8155
  9045
  8275
  8635
  8285
  8675
  8750
  8760
  8070
  8680
  8530
  8530
  8385
  8945
  8505
  8470
  8500
  8625
  8515
  8555
  7955
  8715
  8330
  8055
  8330
  8825
  8445
  8750
  8230
  8890
  8300
  8140
  8675
  8345
  8215
  8365
  8470
  7885
  8385
  8305
  8890
  7965
  8175
  8890
  8825
  8195
  8440
  8370
  8025
  8895
  7870
  8745
  8275
  9125
  8060
  8625
  8855
  8410
  8610
  8100
  8515
  8515
  8270
  8080
  8565
  8565
  8550
  8455
  8240
  8370
  8800
  8350
  8265
  8720
  8630
  8570
  8550
  8145
  8580
  8645
  8935
  8145
  8445
  8735
  8615
  8230
  8670
  8230
  8610
  8655
  8410
  8045
  8850
  8065
  8735
  8525
  9045
  8185
  8980
  8215
  8970
  8250
  8920
  8090
  8850
  8965
  8370
  8095
  8760
  8530
  8305
  8840
  8210
  8290
  8855
  8415
  8415
  8620
  8195
  8465
  8390
  8425
  8360
  8460
  8385
  8575
  8640
  8185
  8775
  8490
  8195
  7840
  8595
  8525
  8870
  8065
  8720
  8515
  8915
  7970
  8535
  8380
  8830
  8395
  8680
  8285
  8825
  8140
  8655
  8335
  8330
  8185
  8655
  8155
  8830
  7990
  9045
  8105
  8555
  8195
  8685
  8410
  8830
  8310
  8960
  8480
  8720
  8225
  9090
  8505
  8695
  8025
  8865
  8495
  8655
  8055
  8805
  8690
  8900
  8385
  8930
  8530
  8625
  8550
  9200
  8165
  8760
  8335
  8520
  8460
  8575
  8045
  8695
  8540
  8680
  8055
  9010
  8485
  8730
  8000
  8825
  8495
  8755
  8010
  8705
  8525
  8430
  8160
  8660
  8450
  8245
  7875
  8965
  8825
  8515
  8415
  8820
  8645
  8795
  8285
  8950
  8580
  8710
  8340
  8960
  8015
  8590
  8525
  8760
  8150
  8590
  8075
  9035
  7920
  8810
  7905
  8870
  8405
  8540
  7960
  8890
  8480
  8805
  8365
  8170
  8575
  8450
  8315
  8455
  8555
  9040
  8245
  8190
  9170
  8325
  8575
  8010
  8780
  8480
  9010
  8065
  8715
  8685
  8290
  8785
  8010
  8530
  8695
  8190
  8785
  8515
  8755
  8765
  8475
  8255
  8295
  9045
  8335
  8915
  8425
  8745
  8190
  8765
  8390
  9015
  7940
  8890
  8380
  9000
  8150
  8600
  8310
  8575
  7965
  9130
  8645
  8955
  8290
  8635
  8290
  8555
  8315
  8775
  8550
  8380
  8285
  8720
  8565
  8535
  8195
  8870
  8200
  8795
  8085
  8710
  8260
  8545
  8395
  8875
  8000
  8365
  8255
  8690
  8055
  8535
  8450
  8375
  8535
  8095
  9125
  8730
  8410
  8420
  8845
  8485
  8370
  8605
  8875
  8530
  8315
  8710
  8585
  8060
  8690
  8100
  8635
  8260
  8625
  8455
  8560
  8275
  8480
  8440
  8260
  8490
  8675
  8605
  8440
  8620
  8705
  8355
  8820
  8715
  8465
  8185
  8265
  8435
  8720
  8680
  8545
  8400
  8360
  8415
  8660
  8280
  7995
  8320
  8640
  8190
  8615
  8280
  8400
  8435
  8440
  8660
  8640
  8065
  8605
  8425
  8355
  8450
  8220
  8295
  8595
  8655
  8410
  8705
  8785
  8700
  8285
  8355
  8460
  8420
  8480
  8155
  8160
  8425
  8570
  8495
  8515
  8185
  8445
  8260
  8450
  8370
  8520
  8475
  8270
  8565
  8290
  8420
  8155
  8025
  8385
  8475
  8430
  8300
  8765
  8410
  8255
  8410
  8420
  8465
  7940
  8090
  8595
  8355
  8565
  8455
  8540
  8575
  8165
  8125
  8480
  8315
  8225
  8330
  8325
  8565
  8625
  8295
  8600
  8375
  8430
  8265
  8060
  8620
  8125
  8715
  8235
  8715
  8395
  8360
  8465
  8345
  8425
  8425
  8495
  8640
  8655
  8315
  8275
  8570
  8685
  8435
  8480
  8535
  8540
  8450
  8200
  8340
  8195
  8565
  8200
  8650
  8360
  8345
  8525
  8385
  8125
  8405
  8395
  8450
  8645
  8265
  8490
  8345
  8335
  8455
  8185
  8285
  8465
  8260
  8585
  8290
  8490
  8300
  8205
  8370
  8265
  8570
  8025
  8510
  8270
  8330
  8585
  8390
  7960
  8325
  8355
  8580
  8250
  8265
  8215
  8875
  8065
  8720
  7970
  8700
  8010
  8645
  8390
  8860
  8150
  8835
  7940
  8620
  8290
  8825
  7910
  8625
  8230
  8695
  7990
  8580
  8545
  8385
  8265
  8405
  8265
  8675
  8310
  8530
  8360
  8215
  8345
  8450
  8105
  8485
  8110
  8225
  8470
  8745
  8050
  8310
  8100
  8335
  8180
  8850
  8430
  8555
  8455
  8295
  8370
  8510
  8660
  8160
  8210
  8305
  8285
  8310
  8720
  8425
  8655
  8415
  8405
  8125
  8450
  8555
  8710
  8210
  8450
  8175
  8215
  8345
  8730
  8525
  8220
  8300
  8370
  8420
  8655
  8580
  8820
  8155
  8600
  8290
  8510
  8525
  8560
  8530
  8550
  8215
  8615
  8135
  8670
  8260
  8610
  8340
  8500
  8190
  8840
  8075
  8690
  8810
  8200
  8540
  8160
  8470
  8285
  8390
  8260
  9120
  8135
  9080
  8130
  8305
  7855
  8670
  7990
  9210
  8045
  8685
  8800
  8815
  8075
  8730
  8300
  9155
  8305
  8815
  8370
  8695
  8300
  8475
  8365
  8795
  8140
  8505
  8085
  8855
  7985
  8515
  8380
  8215
  8360
  8775
  7870
  8675
  8340
  8780
  8095
  8735
  8170
  8970
  8255
  9145
  8505
  8780
  8320
  8540
  8345
  8640
  8325
  8395
  8360
  8645
  8115
  8780
  8035
  8700
  8120
  8770
  8155
  8650
  8200
  8350
  8385
  8305
  8215
  8980
  8130
  8780
  8165
  8645
  8305
  9015
  8075
  8970
  8255
  8425
  8305
  8700
  8460
  8830
  8415
  8785
  8260
  8780
  8045
  8470
  8095
  8685
  7915
  8510
  8150
  8855
  8540
  8680
  8385
  8715
  8255
  8665
  8460
  8395
  8460
  8485
  8455
  8350
  8325
  8560
  8470
  8190
  8620
  8325
  8465
  8065
  8450
  8060
  8685
  8375
  8790
  8010
  8970
  8300
  8705
  8575
  8880
  8110
  8630
  8250
  8715
  8145
  8745
  8290
  8360
  8275
  8455
  8225
  8445
  8305
  8830
  8490
  8820
  8425
  8440
  8605
  8375
  8295
  8445
  8460
  8155
  8670
  8335
  8800
  8700
  8220
  8565
  8380
  8570
  8175
  8525
  8400
  8655
  8580
  8280
  8570
  8700
  8380
  8490
  8585
  8150
  8475
  8625
  8450
  8830
  8240
  8370
  8485
  8535
  8795
  8785
  8320
  8645
  8430
  8425
  8480
  8510
  8465
  8435
  8500
  8675
  8430
  8745
  8075
  8165
  8395
  8285
  8530
  8440
  8830
  8565
  8630
  8600
  7995
  8595
  8050
  8920
  8290
  8820
  8360
  8535
  8770
  8575
  8315
  8230
  8720
  8625
  8300
  8620
  8505
  8505
  8245
  8720
  8605
  8485
  8445
  8725
  8430
  8405
  8535
  8765
  8320
  8825
  8060
  8825
  8500
  8650
  8150
  8815
  8195
  8350
  8415
  8760
  8235
  8805
  8185
  8435
  8165
  8615
  7855
  8720
  8270
  8535
  8295
  9100
  8110
  8765
  8460
  8580
  8360
  8645
  8390
  8575
  8630
  8760
  8405
  8725
  8620
  8355
  8880
  8475
  8500
  8310
  8925
  8160
  9120
  8030
  8705
  8165
  8585
  7930
  9025
  8445
  8345
  8400
  8650
  7965
  8875
  8185
  8485
  8350
  8695
  8150
  8605
  8385
  8000
  8935
  8530
  8440
  8250
  8875
  8400
  8780
  8215
  8235
  8165
  8795
  8185
  9015
  8190
  8235
  8275
  8900
  8155
  9000
  8295
  8480
  8265
  8650
  7980
  8595
  8870
  8075
  8610
  8645
  8545
  8590
  8825
  8365
  8635
  8250
  8450
  8490
  8650
  8090
  8815
  8330
  8375
  8540
  8625
  8085
  8985
  8375
  8440
  8200
  8980
  7985
  8845
  8035
  8675
  8285
  8395
  8055
  8485
  8225
  8740
  7995
  8445
  8220
  8550
  8635
  8635
  8490
  8155
  8770
  8190
  8500
  8380
  8510
  8260
  9080
  8175
  8510
  8190
  8400
  8750
  8125
  8345
  8580
  7925
  8670
  8160
  8625
  8865
  7945
  8810
  8570
  8465
  8260
  8655
  8570
  8810
  8495
  8460
  8635
  8170
  8550
  8710
  7955
  8590
  8570
  8415
  8590
  8290
  8645
  8655
  8300
  8725
  8290
  8535
  8360
  8720
  8100
  8760
  8220
  8435
  8015
  9070
  7855
  9385
  8390
  8815
  8425
  8320
  8605
  8565
  8495
  8405
  8340
  8095
  8890
  8315
  8995
  8590
  8710
  8295
  8520
  8760
  8790
  8650
  8170
  8900
  8110
  8885
  8435
  8680
  8460
  8345
  8970
  8105
  8950
  8585
  9025
  8510
  8460
  8805
  8195
  9150
  8070
  8790
  8645
  8590
  8870
  8155
  9265
  8450
  8945
  8565
  8215
  8805
  8710
  8710
  8520
  8775
  8790
  8670
  8930
  8220
  8865
  8605
  8895
  8630
  8570
  8835
  8240
  8970
  8235
  8635
  8775
  8815
  8715
  8435
  9165
  8405
  8900
  8625
  8380
  8950
  8505
  9105
  8385
  8580
  8875
  8720
  9140
  8440
  8805
  8720
  8645
  8460
  8470
  9100
  8285
  8495
  8470
  8435
  8855
  8440
  8595
  8575
  8065
  8905
  8675
  8125
  9035
  8095
  8675
  8700
  8320
  9140
  8070
  8630
  8860
  8490
  9270
  8455
  8400
  8965
  8315
  9000
  8770
  8550
  9345
  8215
  8870
  8450
  8505
  8945
  8295
  8900
  8355
  8595
  9010
  8320
  8725
  8885
  8460
  9095
  8295
  8515
  8790
  8335
  9080
  8645
  8670
  8685
  8430
  8900
  8560
  8400
  9055
  8260
  8610
  8570
  8355
  8880
  8385
  8615
  8890
  8160
  9440
  8430
  8710
  9405
  8740
  9050
  8470
  8060
  8925
  8555
  8755
  8910
  8525
  9155
  8930
  8545
  8865
  8355
  9225
  8510
  8305
  8990
  8255
  8370
  9040
  8090
  8975
  8560
  8460
  8745
  8230
  9035
  8485
  8070
  9050
  8515
  8615
  8205
  8370
  9120
  8440
  8885
  8590
  8210
  8935
  8550
  8670
  8910
  8485
  8705
  8630
  8210
  8990
  8285
  8885
  8795
  8600
  8880
  8395
  8530
  8840
  8505
  8950
  8360
  8240
  9025
  8310
  8730
  8600
  8540
  9005
  8405
  8575
  9275
  8225
  8785
  8675
  8375
  8965
  8380
  8435
  8745
  8400
  8885
  8460
  8460
  8880
  8430
  9035
  8785
  8395
  9195
  8855
  8410
  8895
  8355
  8780
  8620
  8505
  9005
  8115
  8760
  8585
  8205
  9085
  8180
  8690
  9240
  8625
  8935
  8620
  8310
  9045
  8795
  8470
  8885
  8655
  8570
  8805
  8375
  9040
  8235
  8515
  8730
  8485
  8335
  8890
  8015
  8900
  8625
  8150
  9100
  8235
  8490
  9010
  8160
  8435
  8780
  8115
  8495
  8695
  8555
  8845
  8570
  8240
  9185
  8440
  8245
  9275
  8145
  8700
  8925
  8310
  8720
  8710
  8405
  8640
  8285
  8295
  9120
  8560
  8405
  9105
  8555
  8835
  8975
  8215
  8540
  8480
  8250
  8750
  8300
  8260
  9060
  8530
  8225
  9060
  8220
  8685
  8780
  8260
  8905
  8740
  8515
  8870
  8315
  8430
  9170
  8075
  8475
  8810
  7960
  8625
  8730
  8275
  9220
  8420
  8055
  9010
  8530
  8455
  9055
  8195
  8420
  8880
  8525
  8625
  8530
  8315
  8945
  8455
  8730
  9010
  8275
  8540
  9005
  8025
  8625
  8890
  8095
  8900
  8455
  8375
  9060
  8520
  8630
  8970
  8070
  8675
  8705
  8500
  8745
  8510
  8480
  9050
  8535
  8270
  9075
  8360
  8690
  9040
  8720
  9000
  8185
  8605
  8735
  8675
  8535
  9220
  8500
  8505
  8910
  8290
  8815
  8520
  8095
  8420
  8665
  8475
  8970
  8405
  8315
  8885
  8330
  8520
  8890
  8190
  8810
  8500
  8460
  9100
  8740
  8455
  9065
  8325
  8620
  8920
  8260
  8765
  9070
  8300
  9000
  8780
  8495
  9025
  8435
  8465
  9085
  8195
  8070
  8910
  8345
  8815
  8640
  8480
  8900
  8485
  8635
  9130
  8435
  8230
  8975
  8405
  8625
  8990
  8115
  8470
  8935
  8370
  8605
  8860
  8240
  8615
  8830
  8345
  8800
  8670
  8610
  8585
  8575
  8260
  8820
  8435
  8500
  8795
  8805
  8095
  8920
  8525
  8155
  8920
  8075
  8430
  9345
  8485
  8275
  9340
  8515
  8395
  8935
  8205
  8390
  9360
  7935
  8570
  8715
  8450
  8515
  8965
  7865
  8750
  8955
  8210
  8390
  8865
  8470
  8645
  8865
  8125
  8570
  8990
  8525
  8725
  8935
  8250
  8500
  8695
  8190
  8825
  8675
  8140
  8415
  8945
  8015
  9065
  8610
  8235
  8635
  8700
  8155
  8740
  8735
  8375
  8820
  8700
  8025
  8705
  8655
  8055
  8815
  8700
  8560
  8920
  8205
  8480
  8930
  8985
  8480
  8915
  8605
  8140
  8625
  8805
  8420
  8735
  8480
  8230
  9250
  8320
  8490
  8785
  8510
  8180
  8810
  8650
  8125
  8810
  8415
  8450
  8930
  8545
  8300
  9180
  8670
  8425
  9030
  8525
  8320
  9040
  8480
  8560
  9310
  8385
  8675
  9070
  8370
  8670
  9190
  8430
  8660
  8990
  8125
  8850
  9005
  8365
  8610
  8845
  8180
  8575
  8615
  8350
  8965
  8645
  8350
  8835
  8330
  8580
  8910
  8475
  8395
  9285
  8395
  8740
  9150
  7825
  8410
  8750
  8410
  8610
  9010
  8125
  8445
  8850
  8195
  8535
  9015
  8080
  8395
  8905
  8035
  8435
  9190
  8425
  8425
  8735
  8520
  8620
  9055
  8360
  8215
  9380
  8105
  8835
  8940
  8360
  8740
  8720
  7985
  8690
  9085
  8385
  8645
  9250
  8330
  8745
  8830
  8445
  8150
  8745
  7950
  8645
  9000
  8330
  8335
  9155
  8230
  8325
  9135
  8240
  8355
  9100
  8300
  8685
  9400
  8240
  8035
  8830
  9025
  8305
  8700
  8625
  8165
  8485
  8845
  8155
  8475
  8905
  8335
  8375
  9015
  8355
  8635
  8960
  8495
  8340
  9345
  8710
  8310
  8750
  8880
  8400
  8480
  8635
  8415
  8705
  8885
  8340
  8995
  9280
  8270
  8835
  8905
  8175
  8265
  8650
  8430
  8270
  9020
  8390
  8225
  8915
  8600
  8285
  8715
  8685
  8215
  8510
  9120
  8160
  8630
  9365
  8330
  8325
  9260
  8460
  8155
  8870
  8535
  8555
  8770
  8630
  8190
  8855
  8540
  8285
  8970
  8885
  8315
  8490
  9280
  8305
  8255
  9195
  8240
  8115
  9255
  8275
  8400
  9060
  8455
  8385
  8925
  8445
  8380
  8975
  8650
  8425
  9065
  8890
  7900
  8445
  9470
  8445
  8785
  9465
  8360
  8230
  8635
  8625
  8310
  9020
  8645
  8340
  8880
  9215
  8060
  8680
  9245
  7850
  8240
  8930
  8560
  8145
  8840
  8305
  8590
  8850
  8865
  8495
  8690
  8880
  8300
  8450
  9355
  8365
  8445
  9025
  8680
  8430
  8520
  9275
  8360
  8585
  9200
  8080
  8265
  9010
  8335
  8230
  8810
  8685
  8395
  8435
  8875
  8300
  8350
  9255
  8280
  8465
  8760
  8345
  8425
  8600
  8725
  8270
  8480
  8895
  8170
  8330
  9300
  8320
  8300
  8755
  8920
  8240
  8835
  9080
  8400
  8270
  9155
  8435
  8530
  9010
  8710
  8230
  8620
  9425
  8375
  8420
  9080
  8410
  8265
  8830
  8290
  8425
  8675
  9070
  8375
  8920
  8855
  8425
  8510
  9200
  8270
  8480
  8840
  8360
  8470
  8660
  8755
  8385
  8680
  8845
  8135
  8480
  8920
  8320
  8555
  9100
  8460
  8280
  9075
  8600
  8315
  8475
  8665
  8130
  8140
  9140
  8350
  8105
  8845
  8685
  8530
  8850
  9065
  8115
  8225
  8865
  8720
  8615
  9205
  8560
  8340
  8515
  9010
  8450
  8500
  8795
  8320
  8595
  8795
  8585
  8500
  9090
  9135
  8165
  8525
  9210
  8215
  8325
  8985
  8765
  8415
  8765
  8660
  8505
  8675
  9010
  8330
  8845
  9115
  8815
  8395
  8810
  8975
  8320
  8395
  9225
  8750
  8670
  8980
  8680
  8265
  8330
  9035
  8270
  8230
  8600
  8570
  7850
  8505
  9015
  8510
  8315
  8795
  8805
  8485
  8370
  9040
  8325
  8520
  8955
  8665
  8400
  8690
  8920
  8390
  8220
  8880
  8335
  8240
  8380
  8975
  8285
  8360
  8870
  8765
  8255
  8540
  9140
  8515
  8460
  9000
  8200
  8360
  8620
  8755
  8375
  8440
  9095
  8455
  7930
  8665
  8915
  8235
  8295
  8735
  8670
  8355
  8480
  9470
  8075
  8505
  9185
  8625
  8315
  8925
  9170
  8165
  8390
  8890
  9115
  8365
  8245
  9085
  8520
  8515
  8420
  8955
  8480
  8385
  8765
  8845
  7980
  8490
  9400
  8455
  8770
  8200
  9005
  8365
  8235
  9050
  8805
  8135
  8555
  9275
  8745
  8250
  8495
  8890
  8070
  8340
  8605
  9200
  8340
  8440
  9110
  8795
  8115
  8525
  9060
  8885
  8375
  8665
  8925
  8565
  8325
  8325
  8875
  8495
  8105
  8360
  8975
  8155
  8430
  9070
  8815
  8315
  8280
  9120
  8435
  8400
  8690
  9395
  8280
  8385
  8745
  8900
  7950
  8385
  8935
  8630
  8485
  8275
  8870
  8355
  8615
  8795
  9385
  7970
  8340
  8720
  9085
  8280
  8300
  9170
  8590
  8460
  8255
  9100
  8320
  8720
  8425
  9185
  8425
  8020
  8425
  9205
  8340
  8015
  8325
  9005
  8190
  8525
  8910
  8850
  7915
  8045
  8950
  9190
  7860
  8060
  8995
  8890
  8165
  8345
  8840
  8420
  8165
  8210
  8865
  8740
  8325
  8635
  8915
  8675
  8255
  8440
  9095
  8370
  8340
  8445
  8735
  8545
  8460
  8710
  9070
  8230
  8095
  8430
  9040
  8390
  8185
  8300
  8905
  8845
  8350
  8405
  8895
  8330
  8080
  8550
  8995
  8620
  8460
  8815
  9315
  8265
  8630
  8530
  9185
  8315
  8335
  8730
  9200
  8355
  8395
  8580
  8870
  8140
  8330
  8660
  9090
  8310
  8485
  8540
  8835
  8350
  8395
  8985
  8855
  8400
  8380
  9185
  8335
  8055
  8535
  9040
  8665
  8130
  8465
  8915
  8260
  8355
  8580
  8950
  8410
  8460
  8860
  9315
  8210
  8340
  8435
  9235
  8370
  8335
  8710
  9055
  8360
  8235
  9155
  9120
  8140
  8315
  9055
  8600
  7915
  8350
  9245
  8370
  8020
  8410
  9115
  8580
  7860
  8690
  9350
  8790
  8660
  8855
  9110
  8170
  8405
  8790
  8800
  8460
  8460
  8615
  9230
  8095
  8240
  8580
  9150
  8325
  8400
  8720
  9000
  8465
  8395
  8425
  9160
  8535
  8130
  8705
  9180
  9070
  8020
  7975
  8680
  8870
  8365
  8335
  8470
  9520
  8860
  8210
  8225
  8570
  8925
  8390
  8310
  8400
  9115
  8720
  8145
  8090
  8855
  9115
  8045
  8420
  8460
  9115
  8250
  8335
  8445
  9055
  8445
  8330
  8365
  9065
  8870
  8010
  8455
  8820
  8950
  8100
  8170
  8340
  9350
  8295
  8105
  8460
  8980
  8880
  8460
  8495
  8845
  9300
  8370
  8570
  8800
  9300
  8385
  8155
  8625
  8990
  8340
  8135
  8355
  8710
  8895
  8460
  8225
  8735
  9090
  8360
  8195
  8155
  8865
  8800
  8010
  8460
  8960
  8855
  8335
  8425
  8315
  9000
  8485
  8445
  8365
  8905
  8780
  8100
  8100
  8410
  9025
  8305
  8345
  8420
  9260
  9140
  8075
  8385
  8785
  9110
  8305
  8415
  8630
  8960
  8635
  8350
  8330
  8840
  8420
  8280
  8285
  8910
  8925
  8245
  8045
  8580
  9010
  8430
  8385
  8345
  9220
  8670
  8230
  8545
  9025
  9180
  8275
  8425
  8570
  9350
  8065
  8180
  8525
  9080
  8855
  8180
  8705
  8725
  8715
  8235
  8250
  8495
  9015
  8625
  8510
  8255
  9085
  8540
  8300
  8380
  8775
  8780
  8190
  8550
  8445
  9090
  8760
  8210
  8445
  8770
  9035
  8290
  8300
  8940
  8800
  8340
  8285
  8210
  8750
  9125
  8340
  8165
  9030
  8525
  8570
  8580
  8650
  8810
  8320
  8365
  8905
  8925
  8085
  8425
  8395
  9070
  8025
  8200
  8360
  9110
  8280
  7910
  8490
  9305
  8435
  8740
  8520
  8230
  8910
  8080
  8830
  8585
  8400
  8885
  9105
  8255
  8125
  9315
  8810
  8345
  8560
  8990
  8125
  8465
  8695
  8815
  8240
  8155
  9245
  8860
  8085
  8280
  8955
  8280
  7935
  8105
  8985
  8130
  8220
  9085
  8850
  8350
  8485
  8865
  8565
  8435
  7985
  8775
  8365
  8320
  8425
  9025
  8315
  8335
  8915
  8640
  8385
  8245
  8895
  8975
  7960
  8430
  9190
  8660
  8020
  8310
  9155
  8665
  8390
  8785
  8815
  8485
  8180
  8705
  9000
  8630
  8210
  9070
  8685
  8450
  8505
  8910
  8910
  8175
  8550
  9330
  8350
  8400
  8590
  8945
  8210
  8320
  9140
  8850
  8305
  8580
  9315
  8670
  8305
  8300
  9010
  8370
  8195
  8400
  9165
  8635
  8455
  8990
  8450
  8330
  8670
  9190
  8500
  8470
  8785
  8640
  8455
  8335
  9230
  8540
  8410
  8855
  9055
  8720
  8585
  8480
  8580
  9160
  9030
  9255
  9125
  9100
  8950
  8980
  9170
  8640
  8785
  8845
  8600
  7960
  8275
  8105
  7720
  8030
  7945
  8465
  8455
  8420
  8205
  8410
  7990
  8040
  8135
  8215
  8550
  8170
  8355
  8285
  8225
  8145
  8145
  8215
  8040
  8400
  8110
  8170
  8370
  8185
  8195
  8255
  8335
  8335
  8210
  8440
  8350
  8705
  8745
  9040
  8335
  9065
  8660
  8450
  8815
  8740
  8310
  8305
  8840
  8530
  8420
  8130
  9210
  8180
  8655
  8895
  8490
  8760
  8265
  8755
  8475
  8525
  8960
  8190
  8340
  8865
  8890
  8195
  8290
  8775
  9135
  8530
  8415
  8910
  9045
  8125
  8375
  8695
  9235
  8365
  8290
  8615
  9140
  7950
  8275
  8880
  9075
  8515
  8190
  8510
  9175
  8475
  8245
  8585
  9015
  8290
  8125
  8775
  8710
  8365
  7990
  8560
  8920
  8210
  8185
  8220
  9330
  8640
  8065
  8540
  8890
  8615
  8400
  8410
  9035
  8375
  8265
  8355
  8760
  8650
  8275
  8365
  9200
  8590
  8570
  8755
  9205
  8495
  8425
  8880
  7995
  8250
  8590
  8900
  8240
  8390
  8815
  8685
  8600
  8560
  8905
  8365
  8625
  8645
  8660
  8615
  9035
  8610
  8400
  8900
  8680
  7845
  8050
  8200
  8300
  8300
  8345
  8340
  8480
  8385
  9000
  9020
  8970
  9210
  9055
  8790
  8185
  7935
  8325
  8410
  8135
  8320
  8140
  8210
  8115
  8255
  8835
  8930
  9130
  9170
  8975
  8695
  8015
  8130
  8240
  7890
  8140
  8205
  8405
  8195
  8460
  8680
  8675
  9150
  8955
  9255
  8840
  8850
  8605
  8030
  8275
  8070
  8550
  8175
  8100
  8145
  8300
  8265
  8545
  8705
  9285
  9410
  9085
  8670
  8645
  8090
  8155
  8245
  8190
  8270
  8545
  9245
  9385
  9345
  9020
  8195
  8150
  8170
  8360
  8150
  8350
  8135
  8615
  9045
  8820
  9260
  8780
  9005
  8125
  7950
  8165
  8290
  8195
  8130
  8605
  8375
  9240
  9035
  8990
  9065
  9000
  8885
  7810
  8115
  8430
  8415
  8080
  8275
  8075
  8305
  8175
  8520
  9110
  8555
  9235
  8590
  8705
  8180
  8140
  8375
  8175
  8085
  8295
  8220
  8490
  8245
  8655
  8945
  8625
  9145
  8865
  8805
  8675
  8120
  7905
  8110
  8040
  8565
  8090
  8640
  8365
  8450
  8740
  8870
  9230
  9150
  9110
  8555
  7850
  8180
  8485
  8380
  8265
  8580
  8285
  8215
  8245
  8700
  8840
  9240
  9305
  8935
  8980
  8040
  8405
  8250
  8320
  8545
  8410
  8085
  8395
  8255
  8615
  8905
  9025
  9370
  9435
  9110
  8880
  7895
  8055
  8260
  8205
  8150
  8025
  7995
  8160
  8150
  8485
  8280
  8955
  9210
  8755
  9150
  9180
  8710
  8895
  7800
  8170
  8275
  8090
  8210
  8525
  8400
  8315
  8365
  8065
  8735
  8690
  9030
  8935
  9285
  9055
  9005
  8955
  8135
  7870
  7895
  8345
  8325
  8295
  8280
  7910
  8305
  8165
  7965
  8360
  8885
  8870
  8585
  8840
  8855
  8555
  8650
  8220
  7885
  8280
  8235
  8320
  8325
  8485
  8150
  8280
  8210
  8385
  8455
  8845
  9205
  9200
  9075
  8920
  8950
  8130
  7830
  8295
  8430
  8375
  8440
  8345
  8440
  8630
  8020
  8155
  8115
  8760
  8865
  9235
  8895
  9330
  8975
  8935
  8655
  8665
  8005
  7750
  8010
  8305
  8320
  8380
  8165
  8200
  8120
  8335
  8245
  8180
  8235
  8470
  8955
  8930
  8930
  9220
  8835
  9170
  8920
  8885
  8670
  8325
  7985
  8085
  7945
  8250
  8430
  8270
  8120
  7900
  8170
  8125
  8440
  8245
  8615
  9040
  9105
  9050
  9320
  9050
  8960
  8890
  8435
  7730
  7860
  8060
  8050
  8225
  8300
  8190
  8215
  8135
  8310
  8195
  8355
  8315
  8375
  7995
  8375
  9055
  9115
  9015
  9030
  9250
  8995
  9215
  8965
  8650
  8210
  7700
  8010
  7950
  8040
  8335
  8210
  8045
  8375
  8070
  8205
  8445
  8190
  8655
  8815
  9035
  8835
  9160
  8870
  9365
  9225
  8680
  8790
  8770
  8390
  7715
  7960
  8365
  8130
  8545
  8390
  8365
  8100
  8365
  8420
  8440
  8695
  8955
  8650
  8775
  8860
  8875
  9265
  8875
  9220
  8915
  8770
  8515
  7885
  7895
  7855
  8240
  8020
  8135
  8220
  8470
  8555
  8165
  8405
  8185
  8365
  8120
  8050
  8520
  7960
  8240
  8000
  8100
  8200
  8475
  8550
  8725
  8770
  8780
  8805
  8810
  9205
  9195
  8780
  8990
  9080
  9000
  8710
  8205
  7905
  7685
  7775
  7940
  7980
  8075
  8035
  8410
  8175
  7885
  8255
  7970
  8145
  8355
  8425
  8125
  8125
  8195
  8310
  8480
  8145
  8295
  8260
  8085
  8315
  7945
  8270
  8525
  8580
  8495
  9115
  8945
  8710
  9285
  8665
  9300
  9275
  8960
  9360
  8655
  8915
  8705
  8695
  8460
  7770
  7715
  8225
  8320
  8060
  8360
  8055
  8450
  8070
  8300
  8390
  8255
  8050
  8220
  8375
  8080
  8180
  8230
  8235
  8545
  7950
  8435
  8190
  8590
  8925
  8825
  8820
  8955
  9035
  9180
  9135
  9270
  9140
  8820
  8760
  8530
  8945
  8635
  8690
  8635
  7875
  7940
  7725
  8165
  8050
  7775
  8145
  7875
  7920
  8500
  8350
  8375
  8325
  8350
  8105
  8165
  8115
  8235
  8325
  8185
  8325
  8155
  8170
  7955
  7925
  8205
  8195
  8340
  8500
  8870
  8940
  9100
  9350
  9260
  8975
  8965
  8890
  8560
  8815
  8600
  8175
  8095
  8090
  8135
  8470
  7960
  8330
  8245
  8170
  8075
  8395
  9055
  8865
  8335
  8240
  8455
  8750
  9065
  8320
  8180
  8295
  9085
  9080
  8285
  8385
  8455
  8705
  9300
  8740
  8105
  8365
  8180
  8995
  8950
  8820
  8270
  8330
  7975
  8160
  8390
  8755
  8900
  9035
  9005
  8425
  8505
  8130
  8255
  8745
  9240
  9280
  9015
  8680
  7765
  8215
  8260
  8165
  8525
  8635
  8025
  8205
  8180
  8245
  8555
  8720
  8580
  8535
  8815
  8930
  9020
  9005
  9135
  9020
  8795
  9050
  8450
  8040
  7900
  8230
  8460
  8035
  8340
  8040
  8255
  8400
  9185
  8860
  8205
  8250
  8540
  9235
  8460
  8650
  7690
  8410
  8325
  9595
  8480
  8360
  9135
  8940
  9180
  8730
  8115
  8490
  8190
  8035
  8940
  9035
  8835
  8405
  8830
  8400
  8355
  8735
  8650
  8685
  8420
  8980
  8495
  8590
  8510
  8960
  8660
  8380
  8095
  8345
  8295
  8825
  8615
  8370
  8785
  7940
  8700
  8165
  8725
  8175
  8680
  8170
  8150
  8865
  8070
  8670
  8745
  8410
  8215
  8685
  8210
  8710
  7930
  8770
  8475
  8565
  8310
  8880
  8330
  8725
  8550
  8655
  8230
  8855
  8585
  8470
  8475
  9130
  8510
  8945
  8505
  8500
  8700
  8990
  8550
  8560
  8320
  8755
  8415
  8670
  8525
  8030
  8910
  8425
  8920
  8760
  9055
  7905
  8980
  8485
  8490
  8330
  8520
  8545
  8730
  8450
  8835
  8160
  8550
  8340
  8405
  8435
  8600
  8740
  7850
  8975
  8165
  8825
  8160
  8960
  8430
  8885
  8460
  8560
  8300
  8820
  8025
  8830
  8155
  8530
  8400
  8675
  7900
  8925
  8490
  8405
  8535
  8720
  8425
  8555
  8610
  8695
  8135
  8700
  8590
  8480
  8670
  8545
  8160
  8545
  8655
  8230
  8725
  8135
  8590
  8385
  8800
  8150
  8795
  8260
  9020
  8030
  8510
  8300
  9025
  7890
  8600
  8215
  8455
  8740
  8435
  8325
  8495
  7945
  8725
  8200
  8590
  8465
  8445
  8975
  8430
  8480
  8470
  9000
  8155
  8755
  8305
  8775
  7950
  8400
  8590
  8500
  8330
  8350
  8285
  8975
  8190
  8755
  8215
  8250
  8905
  8325
  8055
  9005
  8265
  8775
  8900
  7935
  8795
  8130
  8405
  8430
  8615
  8690
  8235
  8625
  8035
  8330
  8745
  8555
  7950
  8875
  8270
  8630
  8145
  8595
  8730
  8125
  8045
  7975
  8930
  8275
  8620
  8165
  8230
  8200
  8610
  8815
  8475
  8525
  8045
  7960
  8300
  8560
  7940
  8950
  8375
  8860
  8275
  8025
  9085
  8095
  8855
  8370
  8070
  8680
  8110
  8715
  8390
  8440
  8465
  8295
  8500
  8885
  8080
  9085
  8620
  9105
  8580
  8955
  8315
  8670
  8180
  8770
  8530
  8005
  8805
  8040
  8830
  8125
  8460
  8420
  8730
  8775
  8370
  8835
  8470
  8850
  8695
  8685
  8675
  8245
  8800
  8415
  8645
  8890
  8675
  8875
  8460
  8630
  8360
  8920
  8485
  8545
  8770
  8010
  8660
  8565
  8870
  8975
  8480
  8595
  8210
  9010
  8255
  8870
  8465
  8005
  8970
  8345
  8840
  8465
  8535
  8550
  8200
  8745
  8510
  8580
  8565
  8620
  8795
  8200
  8565
  8370
  8665
  8730
  8435
  8790
  8080
  8690
  8380
  8365
  8815
  8105
  8620
  8460
  8850
  8285
  8945
  8775
  8245
  8860
  8030
  8620
  8660
  8730
  8805
  8355
  9330
  8255
  8935
  8860
  8635
  8820
  8350
  8910
  8415
  8700
  8625
  8400
  8490
  8380
  8795
  8600
  8680
  8390
  8690
  8990
  8195
  8950
  8150
  8580
  8490
  8380
  8680
  8295
  9080
  8445
  8595
  8785
  8415
  8975
  7910
  8695
  8440
  8540
  8740
  8295
  8760
  8525
  8685
  8560
  8695
  8425
  8355
  8960
  8430
  8500
  8680
  8325
  8505
  8660
  8565
  8595
  8645
  8925
  8745
  8855
  8655
  8725
  8750
  8625
  8900
  8550
  8810
  8695
  8480
  8995
  8295
  8565
  8180
  8850
  8660
  8465
  9070
  8295
  8895
  8540
  8555
  8870
  8425
  8790
  8145
  8825
  8465
  8415
  8715
  8470
  8920
  8315
  8585
  8745
  8675
  8610
  8470
  8675
  8475
  8920
  8865
  8210
  8740
  8060
  9215
  8800
  8530
  8995
  8225
  8895
  8740
  8660
  8730
  8495
  9235
  8230
  8760
  8675
  8660
  8485
  8465
  9005
  8200
  8760
  8610
  8675
  8355
  8215
  8790
  8365
  8720
  8735
  8470
  8715
  8205
  8940
  8605
  8620
  8480
  8385
  8745
  8515
  8900
  8525
  8175
  8755
  8535
  8545
  8770
  8460
  8710
  8100
  8975
  8420
  8140
  8700
  8130
  8595
  8605
  8570
  8755
  8375
  9130
  8715
  8515
  8945
  8140
  8895
  8575
  8340
  8515
  8380
  8895
  8500
  8580
  8530
  8255
  8635
  8415
  8590
  8640
  8375
  8470
  8410
  8875
  8550
  8035
  8850
  8505
  8875
  8425
  8735
  8830
  8530
  8750
  8530
  8415
  8620
  8385
  8530
  8490
  8465
  8720
  8565
  8695
  8370
  8445
  8830
  8705
  8905
  8355
  8960
  8825
  8395
  8465
  8270
  8685
  8425
  8265
  8495
  8345
  8815
  8885
  8630
  8800
  8285
  9190
  8435
  8520
  8615
  8095
  8780
  8535
  8310
  8690
  8055
  8660
  8425
  8385
  8980
  8500
  8810
  8425
  8825
  8780
  8290
  8970
  9040
  8605
  8835
  8365
  8925
  8815
  8385
  9100
  8410
  9050
  8620
  8275
  8720
  8585
  8565
  8675
  8225
  8965
  8305
  8805
  8645
  8450
  8645
  8175
  8720
  8600
  9050
  8790
  8285
  8800
  8230
  8705
  8860
  8160
  8950
  8755
  8450
  8865
  8230
  9100
  8175
  9055
  8725
  8200
  8800
  8830
  8665
  8855
  8445
  9220
  8990
  8550
  8480
  8445
  8765
  8755
  8165
  8760
  8735
  8480
  8860
  8085
  9135
  8845
  8655
  8620
  8200
  9000
  8200
  9170
  8370
  8475
  8805
  8310
  8715
  8080
  8715
  8865
  8645
  8575
  8365
  8840
  8600
  8390
  8745
  8375
  8830
  8610
  8715
  8935
  8335
  8790
  8775
  8555
  8485
  8260
  8765
  8785
  8720
  8490
  8245
  8870
  9085
  8915
  8825
  8310
  8770
  8220
  8325
  9000
  8455
  8755
  8645
  8340
  8635
  8345
  8610
  8795
  8080
  9055
  8540
  8835
  9050
  8100
  8480
  8525
  8080
  8665
  8715
  8855
  8815
  8455
  9070
  8400
  8815
  8605
  8590
  8755
  8600
  8595
  8840
  8395
  8735
  8715
  8430
  8930
  8560
  8860
  8560
  8640
  8700
  8630
  8900
  8800
  8495
  8870
  8830
  8630
  8395
  8375
  8745
  9035
  8775
  8615
  8370
  8545
  8525
  8775
  8825
  8450
  9430
  8280
  8765
  8430
  8310
  8625
  8500
  8725
  8715
  8885
  8875
  8280
  8620
  8725
  8150
  8865
  8730
  8670
  8745
  8655
  8690
  8660
  8545
  8845
  8650
  8570
  8635
  8400
  8800
  8660
  8545
  8765
  8610
  8640
  8655
  8575
  8735
  8590
  8260
  8475
  9030
  8440
  8775
  8570
  8565
  8740
  8520
  8950
  8620
  8200
  8910
  8135
  8795
  9145
  8395
  8630
  8215
  9140
  8525
  8970
  8580
  8930
  8695
  8255
  8475
  8350
  8810
  8380
  8615
  9240
  8535
  8875
  8670
  9025
  8510
  8590
  8495
  8110
  8690
  8470
  8255
  8810
  8000
  8785
  8285
  8160
  8440
  8070
  8835
  8310
  9100
  8090
  8695
  8590
  8375
  8730
  7985
  8615
  8395
  8285
  8910
  8285
  8890
  8795
  8730
  8665
  8180
  8725
  8015
  8710
  7950
  9125
  8445
  8740
  8160
  9040
  8135
  8705
  8200
  8500
  8090
  8495
  8295
  8515
  8315
  9040
  8155
  8540
  8500
  8545
  8400
  8730
  8740
  8660
  9020
  8240
  8620
  8385
  8860
  8920
  8405
  9050
  8320
  8725
  8380
  9115
  8215
  8955
  8635
  8815
  8765
  8335
  8250
  8535
  8280
  8825
  8395
  8565
  8155
  8720
  8240
  8375
  9080
  7915
  8495
  9125
  8380
  8930
  8730
  8700
  8510
  8570
  8475
  8060
  8265
  8640
  8820
  8160
  8485
  9175
  8395
  8835
  8205
  8420
  8370
  8440
  8920
  8260
  8650
  8295
  8780
  8205
  8700
  8525
  9055
  8455
  8770
  8375
  8725
  8540
  8460
  8615
  8440
  8960
  8370
  8990
  8715
  8790
  8760
  8265
  8625
  8450
  8765
  8335
  8460
  8960
  8855
  8610
  8135
  8915
  8325
  8695
  9075
  8170
  8830
  8195
  8655
  8760
  8225
  8785
  8260
  8565
  8235
  8650
  8825
  8370
  8900
  8470
  8740
  8620
  8705
  8540
  8615
  8165
  8460
  8180
  8740
  8430
  8635
  8340
  9010
  8460
  8530
  8115
  8635
  8760
  8660
  8985
  8440
  8400
  9075
  8640
  8890
  8825
  8605
  8875
  8615
  8755
  8825
  8295
  8730
  8710
  8395
  8550
  8620
  8630
  9010
  8265
  8490
  8825
  8315
  8910
  8300
  8455
  8690
  8400
  9175
  8870
  8265
  8845
  8635
  8270
  8935
  8360
  8725
  8815
  8460
  8820
  8630
  8220
  8720
  8530
  8430
  8900
  8345
  9075
  8685
  8380
  8670
  8565
  8165
  8535
  8230
  8960
  8380
  8775
  8805
  8645
  8525
  8765
  8375
  8705
  8445
  8740
  8785
  8655
  9100
  7680
  8985
  8500
  8480
  8110
  8745
  8355
  8115
  9085
  8135
  8810
  8655
  8705
  8905
  8475
  8655
  8655
  8160
  8765
  8585
  8320
  8800
  8715
  8290
  8680
  8720
  8745
  8830
  8250
  8455
  8980
  7995
  8485
  7945
  8470
  8750
  8210
  8815
  8240
  8845
  7925
  8905
  8115
  8670
  8685
  8600
  8655
  8515
  8690
  8685
  8485
  9065
  8890
  8535
  8550
  8465
  8910
  8865
  8280
  9080
  8455
  8495
  8585
  8465
  8660
  8605
  8340
  8950
  8490
  8255
  8750
  8500
  8465
  8560
  8695
  8650
  8725
  8160
  8760
  8695
  8405
  8480
  8515
  8185
  8575
  8850
  8460
  8575
  8490
  8705
  8925
  8455
  8195
  8445
  8615
  8285
  8720
  8630
  8265
  8545
  8820
  8355
  8700
  8495
  8555
  8265
  8525
  8620
  8585
  8765
  8600
  8450
  8515
  8335
  8665
  8800
  8750
  8265
  8245
  8350
  8500
  8590
  8595
  8035
  9040
  8730
  8360
  8735
  8785
  8180
  8920
  8380
  8595
  8500
  8460
  8325
  8595
  8505
  8505
  8405
  8580
  8855
  8350
  8615
  8275
  8095
  8335
  8195
  8365
  8635
  8545
  8095
  8670
  8605
  8335
  8615
  8590
  8570
  8705
  8455
  8960
  8530
  8160
  8860
  8590
  8320
  8365
  8575
  8110
  8475
  8400
  8030
  8565
  8770
  8565
  8430
  8935
  8800
  8220
  8765
  8720
  8190
  8965
  8605
  8465
  8955
  8380
  8570
  8585
  8530
  8615
  8455
  8410
  8455
  8475
  8545
  8835
  8710
  8360
  8450
  8525
  8450
  8740
  8685
  8500
  8485
  8610
  8490
  8350
  8460
  8865
  8195
  8385
  8760
  8890
  8480
  8600
  8525
  8470
  8520
  8930
  8400
  8345
  8465
  8935
  8305
  8680
  8730
  8725
  8280
  8840
  8495
  8450
  8515
  8615
  8420
  8405
  8815
  8630
  8390
  8575
  8685
  8430
  8220
  8895
  8655
  8585
  8395
  8645
  8530
  8450
  8650
  8865
  8310
  8560
  8610
  8135
  8580
  8360
  8485
  8525
  8120
  8790
  8550
  8305
  8825
  8430
  8360
  8725
  8575
  8460
  8345
  8585
  8970
  8630
  8535
  8910
  8450
  8385
  8760
  8590
  8205
  8510
  9240
  8695
  8535
  8685
  8130
  8435
  8550
  8130
  8845
  8490
  8945
  8350
  8730
  8535
  8500
  8665
  8905
  8290
  8460
  8715
  8625
  8340
  8475
  8310
  8820
  8485
  8845
  8790
  8615
  8740
  8325
  8370
  8310
  8490
  8365
  8635
  8445
  8620
  8475
  8220
  8535
  8645
  8475
  8330
  8695
  8805
  8515
  8300
  8790
  8560
  8365
  8450
  8390
  8480
  8300
  8620
  8610
  8285
  8220
  8610
  8255
  8490
  8435
  8555
  8400
  8390
  8080
  8480
  8560
  8590
  8640
  8565
  8605
  8165
  8600
  8585
  8830
  8470
  8640
  8435
  8650
  8545
  8870
  8370
  8300
  8725
  8565
  8805
  8390
  8905
  8510
  8390
  8600
  8750
  8455
  8395
  8495
  8510
  8750
  8490
  8220
  8610
  8600
  8500
  8320
  8455
  8865
  8440
  8330
  8690
  8610
  8515
  8390
  8285
  8545
  8630
  8550
  8490
  8715
  8505
  8245
  8525
  8420
  8755
  8150
  8485
  8655
  8435
  8400
  8720
  8615
  8680
  8285
  8720
  8610
  8330
  8265
  8515
  8720
  8505
  8165
  8580
  9165
  8485
  8545
  8415
  8740
  8325
  8415
  8610
  8435
  8385
  8705
  8860
  8515
  8425
  8555
  8815
  8470
  8505
  8665
  8785
  8535
  8270
  8210
  8640
  8505
  8505
  8370
  8870
  8715
  8560
  8420
  8770
  8885
  8220
  8350
  8540
  8535
  8595
  8145
  8630
  8730
  8305
  8395
  8495
  8400
  8655
  8420
  8520
  8425
  8570
  8305
  8585
  8465
  8695
  8550
  8670
  8565
  8230
  8110
  8650
  8615
  8575
  7980
  8805
  9165
  8380
  8420
  8885
  8665
  8325
  8255
  8660
  8335
  8170
  8555
  8525
  8525
  8330
  8480
  8805
  8460
  8390
  8060
  8525
  8600
  8405
  8360
  8370
  8625
  8430
  8515
  8635
  8365
  8330
  7945
  8425
  8370
  8435
  8190
  8630
  8440
  8615
  8475
  8665
  8610
  8690
  8240
  8600
  8640
  8780
  8595
  8705
  8415
  8435
  8510
  8660
  8565
  8430
  8095
  8675
  8865
  8215
  8320
  8575
  8460
  8425
  8230
  8350
  8560
  8470
  8310
  8555
  8675
  8570
  8360
  8285
  8535
  8365
  8015
  8630
  8670
  8465
  8235
  8450
  8720
  8445
  8180
  8300
  8460
  8400
  8275
  8365
  8880
  8680
  8295
  8440
  8355
  8575
  8165
  8275
  8825
  8380
  8060
  8370
  8180
  8645
  8360
  8365
  8780
  8560
  8675
  8310
  8840
  8345
  8365
  8430
  8600
  8440
  8095
  8490
  8745
  8305
  8590
  8540
  8735
  8975
  8570
  8695
  8655
  8510
  8625
  8265
  8665
  8270
  8440
  8240
  8660
  8455
  8730
  8345
  8625
  8660
  8255
  8230
  8620
  8420
  8575
  8375
  8570
  8480
  8355
  7985
  8890
  8650
  8280
  8405
  8645
  8790
  8755
  8370
  8610
  8655
  8700
  8380
  8645
  8625
  8520
  7970
  8370
  8540
  8470
  8395
  8675
  8665
  8545
  8465
  8840
  8570
  8400
  8405
  8585
  8390
  8655
  8385
  8500
  8485
  8770
  8495
  8345
  8395
  8275
  8335
  8415
  8560
  8385
  8560
  8260
  8715
  8285
  8045
  8205
  8780
  8615
  8380
  8655
  8520
  8480
  8280
  8435
  8710
  8685
  8795
  8175
  8840
  8605
  8635
  8305
  8575
  8405
  8635
  8525
  8670
  8555
  8400
  8145
  8685
  8690
  8675
  8285
  8270
  8355
  8510
  8190
  8770
  8410
  8450
  8360
  8585
  8535
  8815
  8265
  8510
  8880
  8375
  8950
  8530
  8695
  8490
  8450
  8510
  8460
  8450
  8625
  8195
  8320
  8720
  8335
  8195
  8525
  8510
  8675
  8335
  8645
  8745
  8815
  8160
  8255
  8560
  8610
  8675
  8505
  8765
  8555
  8680
  8580
  8535
  8430
  8480
  8170
  8845
  8590
  8770
  8475
  8660
  8395
  8450
  8320
  8490
  8990
  8535
  8415
  8595
  8455
  8420
  8445
  8545
  8895
  8790
  8290
  8470
  8435
  8690
  8380
  8565
  8355
  8445
  8510
  8370
  8800
  8720
  8735
  8235
  8240
  8635
  8740
  8440
  8330
  8750
  8375
  8890
  8480
  8480
  8275
  8525
  8610
  8875
  8485
  8635
  8545
  8400
  8340
  8800
  8495
  8230
  8665
  8650
  8525
  8540
  8610
  8290
  8340
  7990
  8675
  8530
  8525
  8255
  8575
  8605
  8450
  8605
  8020
  8760
  8250
  8370
  8265
  8705
  8420
  8825
  8485
  8285
  8330
  8535
  8545
  8140
  8875
  8440
  8565
  8875
  8835
  8660
  8635
  8215
  8865
  8710
  8765
  8455
  8655
  8720
  9060
  8500
  8470
  8635
  8650
  8295
  8555
  8705
  8255
  8460
  8650
  8290
  8765
  8230
  8445
  8570
  8630
  8315
  8470
  8510
  8755
  8470
  8275
  8285
  8500
  8615
  8155
  8535
  8795
  8695
  8460
  8455
  8515
  8770
  8555
  8180
  8395
  8705
  8605
  8385
  8570
  8480
  8680
  8375
  8235
  8725
  8665
  8610
  7955
  8315
  8735
  8465
  8135
  8295
  8450
  8495
  8155
  8445
  8685
  8535
  8325
  8200
  8525
  8780
  8455
  8195
  8750
  8555
  8210
  8240
  8415
  8645
  8800
  8375
  8515
  8650
  8575
  8580
  8355
  8350
  8720
  8385
  8195
  8335
  8665
  8670
  8445
  8380
  8440
  8365
  8430
  8255
  8765
  8445
  8470
  8620
  8275
  8570
  8540
  8410
  8270
  8600
  8220
  8505
  8355
  8460
  8640
  8805
  8505
  8405
  8510
  8790
  8565
  8330
  8625
  8470
  8615
  8445
  8280
  8690
  8845
  8655
  8345
  8640
  8620
  8580
  8410
  8530
  8655
  8530
  8520
  8245
  8370
  8565
  8575
  8255
  8335
  8625
  8470
  8745
  8410
  8420
  8610
  8290
  8645
  8370
  8730
  8320
  8290
  8365
  8740
  8685
  8610
  7975
  8500
  8840
  8570
  8755
  8145
  8625
  8560
  8635
  8350
  8675
  8525
  8810
  8385
  8430
  8750
  8430
  8430
  8065
  8655
  8440
  8650
  8365
  8485
  8635
  8600
  8375
  8055
  8940
  8585
  8835
  8280
  8050
  8405
  8520
  8395
  8485
  9135
  8375
  8400
  8450
  8365
  8575
  8815
  8535
  8295
  8775
  8570
  8640
  8605
  8605
  8945
  8165
  8070
  8410
  8740
  8585
  8525
  8335
  8785
  8655
  8605
  8415
  8295
  8480
  8630
  8525
  8050
  8555
  8630
  8835
  8600
  8540
  8640
  8875
  8370
  8020
  8325
  8705
  8500
  8530
  8415
  8985
  8620
  8360
  8410
  8525
  8410
  8550
  8700
  8475
  8695
  8670
  8830
  8575
  8405
  8465
  8960
  8450
  8630
  8445
  8370
  8730
  8520
  8440
  8600
  8670
  8615
  8225
  8435
  8475
  8380
  8290
  8475
  8565
  8485
  8385
  8240
  8415
  9075
  8615
  8640
  8170
  8505
  8475
  8690
  8675
  8525
  8525
  8330
  8660
  8630
  8520
  8435
  8780
  8370
  8290
  8720
  8540
  8640
  8610
  8235
  8975
  8470
  8535
  8345
  8520
  8655
  8770
  8210
  8290
  8805
  9015
  8785
  8610
  8195
  8390
  8310
  8510
  8495
  8185
  8455
  8495
  8495
  8115
  8760
  8570
  8595
  8505
  8155
  8405
  8670
  8200
  8245
  8240
  8605
  8725
  8760
  8470
  8475
  8775
  8245
  8440
  8565
  8815
  8565
  8545
  8750
  8320
  8535
  8925
  8570
  8150
  8975
  8350
  8765
  8630
  8570
  8450
  8205
  8405
  8115
  8250
  8685
  8715
  8395
  8675
  8550
  8620
  8560
  8180
  8550
  8715
  8310
  8515
  8665
  8755
  8525
  8395
  8585
  8190
  8695
  8450
  8460
  8605
  8270
  8430
  8440
  8540
  8430
  8755
  8480
  8580
  8500
  8290
  8435
  8705
  8685
  8525
  8780
  8435
  8345
  8700
  8510
  8810
  8420
  8115
  8315
  8680
  8435
  8790
  8545
  8140
  8510
  8450
  8715
  8210
  8270
  8555
  8375
  8310
  8000
  8120
  8690
  8730
  8235
  8620
  8360
  8740
  8725
  8575
  8460
  8540
  8385
  8485
  8240
  8430
  8930
  8580
  8185
  8365
  8620
  8530
  8705
  8230
  8710
  8615
  8400
  8765
  8195
  8230
  8515
  8865
  8450
  8220
  8375
  8980
  8660
  8120
  8045
  8145
  8840
  8580
  8525
  8085
  8360
  8455
  8440
  8310
  8420
  8660
  8645
  8385
  8070
  8705
  8675
  8300
  8610
  8220
  8395
  8815
  8420
  8475
  8275
  8515
  8460
  8170
  8510
  8465
  8510
  8620
  8675
  8805
  8505
  8625
  8475
  8685
  8350
  8455
  8875
  8450
  8320
  8175
  8720
  8620
  8395
  8525
  8130
  8680
  8735
  8600
  8430
  8340
  8610
  8315
  8350
  8395
  8375
  8760
  8555
  8355
  8220
  8375
  8425
  8275
  8530
  8235
  8620
  8220
  8400
  8700
  8725
  8635
  8580
  8520
  8275
  8460
  8640
  8855
  8680
  8335
  8585
  8475
  8530
  8415
  8590
  8610
  8380
  8445
  8455
  8325
  8600
  8630
  8400
  8710
  8345
  8610
  8520
  8380
  8310
  8565
  8465
  8615
  8485
  8540
  8725
  8500
  8405
  8230
  8635
  8360
  8310
  8355
  8365
  8290
  8730
  8805
  8555
  8445
  8820
  8455
  8230
  8640
  8225
  8545
  8505
  8210
  8490
  8095
  8645
  8535
  8470
  8655
  8495
  8640
  8260
  8195
  8210
  8115
  8600
  8760
  8635
  8310
  8105
  8535
  8495
  8340
  8370
  8765
  8465
  8540
  8545
  8495
  8310
  8605
  8655
  8080
  8300
  8525
  8520
  8400
  8380
  8640
  8740
  8260
  8395
  8215
  8195
  8520
  8560
  8490
  8310
  8220
  8710
  8500
  8290
  8460
  8640
  8530
  8645
  8390
  8485
  8560
  8695
  8530
  8605
  8400
  8185
  8475
  8540
  8390
  8380
  8635
  8745
  8365
  8685
  8115
  8475
  8935
  8520
  8285
  8400
  8455
  8600
  8625
  8475
  8580
  8605
  8360
  8180
  8635
  8130
  8485
  8575
  8350
  8715
  8340
  8700
  8555
  8330
  8400
  8430
  8305
  8835
  8585
  8355
  8465
  8635
  8495
  8565
  8465
  8130
  8125
  8610
  8475
  8320
  8445
  8175
  8400
  8520
  8665
  8635
  7970
  8605
  8440
  8585
  8400
  8485
  8360
  8465
  8415
  8030
  8225
  8820
  8435
  8535
  8285
  8495
  8660
  8610
  8320
  8285
  8485
  8800
  8535
  8555
  8585
  8175
  8795
  8600
  8555
  8405
  8415
  8410
  8735
  8235
  8380
  8210
  8380
  7955
  8565
  8250
  8500
  8575
  8495
  8050
  8625
  8265
  8590
  8675
  8690
  8625
  8445
  8410
  8625
  8590
  8515
  8345
  8390
  8580
  8515
  8590
  8695
  8515
  8600
  8235
  8530
  8245
  8255
  8670
  8420
  8395
  8415
  8805
  8380
  8620
  8665
  8205
  8275
  8445
  8335
  8430
  8700
  8330
  8585
  8315
  8570
  8645
  8085
  8575
  8620
  8685
  8805
  8355
  8590
  8495
  8245
  8520
  8635
  8320
  8510
  8490
  8250
  8225
  8415
  8290
  8500
  8530
  8665
  8165
  8365
  8500
  8345
  8520
  8585
  8305
  8195
  8390
  8630
  7980
  8575
  8685
  8390
  8765
  8430
  8320
  8375
  8215
  8655
  8200
  8380
  8650
  8640
  8725
  8080
  8595
  8780
  8615
  8415
  8550
  8470
  8555
  8755
  8585
  8275
  8450
  9045
  8505
  8625
  8335
  8385
  8575
  8455
  8280
  8820
  8415
  8460
  8490
  8715
  8315
  8240
  8545
  8855
  8815
  8415
  7925
  8545
  8405
  8670
  8300
  8460
  8700
  8280
  8495
  8390
  8080
  8535
  8790
  8715
  8260
  8350
  8855
  8350
  8635
  8450
  8535
  8295
  8610
  8660
  8390
  8315
  8395
  8740
  8405
  8330
  8385
  8315
  8795
  8430
  8495
  8480
  8280
  8755
  8655
  8700
  8480
  8465
  8900
  8475
  8740
  8615
  8340
  8745
  8440
  8455
  8470
  7970
  8270
  8365
  8360
  8435
  8560
  8380
  8115
  8440
  8780
  8420
  8065
  8690
  8780
  8585
  8505
  8430
  8540
  8815
  8545
  8520
  8255
  8585
  8650
  8380
  8500
  8270
  8635
  8740
  8645
  8575
  8445
  8270
  8295
  8490
  8610
  8025
  8230
  8835
  8570
  8405
  8080
  8345
  8610
  8340
  8475
  8520
  8325
  8410
  8610
  8645
  8310
  8475
  8395
  8450
  8575
  8230
  8535
  8580
  8580
  8785
  8515
  8100
  8390
  8475
  8490
  8275
  8080
  8265
  8340
  8240
  8565
  8345
  8340
  8610
  8250
  8595
  8205
  8595
  8500
  8585
  8170
  8190
  8635
  8545
  8465
  8440
  8285
  8235
  8535
  8540
  8475
  8680
  8435
  8395
  8405
  8275
  8210
  8465
  8530
  8425
  8650
  8650
  8475
  8345
  8880
  8600
  8295
  8215
  8335
  8575
  8645
  8740
  8420
  8315
  8270
  8620
  8515
  8410
  8450
  8540
  8380
  8570
  8565
  8340
  8425
  8600
  8420
  8515
  8415
  8650
  8295
  8530
  8530
  8530
  8840
  8765
  8280
  8635
  8425
  8455
  8815
  8635
  8470
  8490
  8355
  8355
  8380
  8420
  8885
  8445
  8390
  8500
  8325
  8815
  8770
  8095
  8220
  8580
  8160
  8775
  8195
  8660
  8500
  8685
  8545
  8500
  8105
  8620
  8285
  8630
  8585
  8695
  8580
  8725
  8475
  8835
  8350
  8380
  8495
  8385
  8605
  8395
  8580
  8445
  8735
  8720
  8320
  8495
  8450
  8550
  8430
  8440
  8225
  8350
  8305
  8265
  8110
  8480
  8295
  8875
  8430
  8610
  8630
  8435
  8615
  8480
  8335
  8870
  8485
  8330
  8455
  8660
  8535
  8305
  8555
  8605
  8350
  8405
  8800
  8510
  8470
  8610
  8505
  8415
  8540
  8695
  8535
  8245
  8450
  8155
  8525
  8460
  8515
  8095
  8415
  8380
  8550
  8470
  8465
  8470
  8460
  8785
  8730
  8505
  8510
  8440
  8400
  8415
  8460
  8490
  8075
  8425
  8550
  8745
  8615
  8745
  8465
  8460
  8710
  8210
  8275
  8450
  9030
  8430
  8640
  8090
  8480
  8610
  8500
  8640
  8500
  8365
  7970
  8510
  8465
  8650
  8385
  8510
  8155
  8530
  8495
  8410
  8245
  8260
  8365
  8540
  8625
  8140
  8605
  8505
  8610
  8400
  8525
  8240
  8785
  8525
  8420
  8225
  8180
  8970
  8600
  8460
  8245
  8490
  8335
  8445
  8705
  8565
  8450
  8480
  8645
  8365
  8390
  8665
  8305
  8505
  8220
  8325
  8465
  8970
  8570
  8335
  8320
  8325
  8230
  8300
  8445
  8385
  8430
  8410
  8370
  8560
  8170
  8490
  8440
  8275
  8285
  8635
  8600
  8375
  8430
  8660
  8425
  8395
  8625
  8520
  8430
  8790
  8500
  8680
  8070
  8320
  8490
  8580
  8555
  8310
  8530
  8760
  8540
  8585
  8085
  8395
  8895
  8565
  8460
  8540
  8005
  8805
  8570
  8905
  7990
  8190
  8885
  8540
  8330
  8160
  8275
  8575
  8920
  8700
  8560
  8605
  8535
  8460
  8545
  8480
  8550
  8410
  8510
  8245
  8650
  8450
  8570
  8595
  8390
  8585
  8375
  8290
  8650
  8580
  8435
  7925
  8515
  8300
  8585
  8465
  8190
  8630
  8605
  8965
  8470
  8330
  8405
  8460
  8760
  8515
  8495
  8545
  8450
  8255
  8355
  8095
  8520
  8265
  8515
  8555
  8405
  7815
  8415
  8425
  8510
  8175
  8115
  8440
  8850
  8685
  8425
  8520
  8275
  8510
  8455
  8565
  8225
  8285
  8825
  8805
  8410
  8335
  8285
  8740
  8205
  8735
  8440
  8415
  8365
  8560
  8405
  8400
  8415
  8650
  8455
  8690
  8200
  8520
  8435
  8470
  8470
  8370
  8100
  8145
  8280
  8120
  8430
  8630
  8525
  8405
  8440
  8575
  8575
  8725
  8195
  8555
  8400
  8210
  8750
  8410
  8680
  8345
  8475
  8405
  8440
  8360
  8510
  8695
  8290
  8530
  8550
  8530
  8775
  8600
  8625
  8280
  8460
  8380
  8680
  8570
  8320
  8275
  8555
  8550
  8475
  8345
  8460
  8500
  8200
  8595
  8610
  8465
  8320
  8120
  8485
  8305
  8340
  8655
  8350
  8640
  8845
  8595
  8600
  8100
  8575
  8320
  8750
  8545
  8430
  8360
  8555
  8570
  8405
  8485
  8460
  8380
  8660
  8660
  8495
  8515
  8410
  8445
  8950
  8710
  8760
  8280
  7975
  8710
  8355
  8380
  8370
  8350
  8630
  8335
  8530
  8510
  8370
  8110
  8355
  8410
  8420
  8485
  8420
  8265
  8405
  8515
  8335
  8370
  8260
  8300
  8450
  8520
  8415
  8390
  8245
  8725
  8225
  8185
  8010
  8505
  8560
  8450
  8390
  8595
  8525
  8080
  8615
  8440
  8560
  8190
  8420
  8550
  8675
  8670
  8460
  8475
  8430
  8795
  8430
  8545
  8330
  8080
  8545
  8340
  8270
  8480
  8445
  8500
  8535
  8260
  8700
  8520
  8630
  8265
  8610
  8710
  8225
  8020
  8470
  8735
  8210
  8255
  8415
  8360
  8220
  8275
  8670
  8605
  8360
  8420
  8395
  8935
  8730
  8320
  8515
  8500
  8290
  8190
  8230
  8350
  8580
  8540
  8595
  8200
  8010
  8140
  8610
  8355
  8375
  8420
  8165
  8415
  8065
  8465
  8350
  8450
  8740
  8910
  8595
  8800
  8380
  8290
  8660
  8465
  8580
  8350
  8325
  8415
  8545
  8730
  8465
  8215
  8565
  8780
  8570
  8180
  8550
  8605
  8435
  8270
  8335
  8520
  8840
  8505
  8600
  8255
  8735
  8455
  8440
  8705
  8545
  8400
  8440
  8465
  8475
  8550
  8600
  8390
  8095
  8355
  8615
  8165
  8365
  8550
  8390
  8495
  8405
  8825
  8880
  8390
  8155
  8600
  8315
  8490
  8495
  8165
  8560
  8885
  8565
  8645
  8495
  8270
  8745
  8745
  8525
  8425
  8530
  8430
  8570
  8685
  8305
  8290
  8210
  8585
  8320
  8095
  8365
  8585
  8435
  8910
  8220
  8625
  8405
  8860
  8675
  8640
  8665
  8540
  8330
  8620
  8660
  8730
  8310
  8255
  8620
  8415
  8465
  8370
  8240
  8560
  8515
  8380
  8430
  8445
  8320
  8355
  8610
  8230
  8420
  8610
  8360
  8420
  8520
  8185
  8250
  8535
  8355
  8290
  8615
  8710
  8255
  8585
  8730
  8425
  8235
  7865
  8220
  8890
  8610
  8185
  8340
  8150
  8410
  8525
  8415
  8440
  8380
  8420
  8305
  8125
  8325
  8250
  8230
  8280
  8120
  8585
  8520
  8495
  8395
  8570
  8390
  8335
  8720
  8235
  8545
  8095
  7980
  8445
  8430
  8605
  8670
  8625
  8715
  8570
  8215
  8730
  8790
  8675
  8255
  8285
  8620
  8745
  8330
  8525
  8435
  8355
  8115
  8265
  8545
  8515
  8170
  8035
  8430
  8365
  8410
  8455
  8280
  8400
  8520
  8475
  8265
  8240
  8360
  8540
  8475
  8625
  8485
  8305
  8410
  8790
  8465
  8650
  8350
  8120
  8560
  8495
  8535
  8930
  8410
  8350
  8305
  8675
  8595
  8470
  8415
  8520
  8425
  8385
  8765
  8710
  8395
  8345
  8685
  8485
  8440
  8070
  8360
  8640
  8305
  8700
  8565
  8505
  8350
  8250
  8530
  8855
  8700
  8430
  8450
  8345
  8425
  8660
  8220
  8385
  8110
  8340
  8560
  8515
  8605
  8295
  8910
  8300
  8720
  8365
  8580
  8770
  8280
  8405
  8840
  8535
  8120
  8465
  8575
  8650
  8530
  8430
  8465
  8160
  8400
  8600
  8750
  8160
  8525
  8375
  8535
  8670
  8490
  8250
  8335
  8780
  8420
  8785
  8280
  8465
  8515
  8490
  8470
  8840
  8335
  8190
  8545
  8920
  8650
  8580
  8130
  8735
  8485
  8510
  8170
  7905
  8360
  8425
  8690
  8410
  8550
  8645
  8285
  8450
  8475
  8310
  8665
  8640
  8275
  8065
  8445
  8475
  8255
  8790
  8595
  8365
  8625
  8730
  8560
  8305
  8250
  8510
  8695
  8600
  8575
  8230
  8570
  8115
  8375
  8350
  8555
  8465
  8370
  8620
  8505
  8425
  8545
  8440
  8385
  8330
  8545
  8585
  8535
  8470
  8450
  8555
  8530
  8765
  8590
  8415
  8240
  8480
  8200
  8455
  8630
  8245
  8310
  8510
  8650
  8625
  8540
  8385
  8350
  8275
  8615
  8500
  8190
  8540
  8585
  8395
  8410
  8240
  8730
  8490
  8505
  8360
  8680
  8375
  8340
  8210
  8460
  8275
  8400
  8605
  8615
  8450
  8495
  8320
  8560
  8280
  8685
  8525
  8165
  8115
  8200
  8410
  8455
  8250
  8825
  8475
  8400
  8825
  8900
  8440
  8560
  8470
  8425
  8310
  8435
  8490
  8665
  8345
  8275
  8310
  8370
  8595
  8675
  8725
  8205
  8360
  8375
  8660
  8320
  8605
  8280
  8465
  8610
  8485
  8330
  8355
  8385
  8435
  8365
  8295
  8460
  8640
  8410
  8240
  8410
  8575
  8715
  8720
  8565
  8545
  8240
  8245
  8580
  8205
  8335
  8455
  8165
  8635
  8400
  8705
  8770
  8285
  8720
  8360
  8670
  8595
  8485
  8390
  8445
  8385
  8070
  8475
  8760
  8475
  8605
  8330
  8520
  8305
  8555
  8610
  8455
  8565
  8490
  8810
  8100
  8650
  8260
  8345
  8485
  8755
  8390
  8480
  8430
  8580
  8265
  8620
  8295
  8240
  8295
  8585
  9115
  8465
  8525
  8200
  8205
  8365
  8705
  8770
  8455
  8105
  8200
  8745
  8515
  8930
  8355
  8520
  8440
  8245
  8780
  8860
  8485
  8390
  8265
  8515
  8565
  8625
  8285
  8540
  8355
  8230
  8130
  8440
  8705
  8125
  8400
  8285
  8150
  8325
  8695
  8385
  8640
  8320
  8805
  8535
  8165
  8815
  8375
  8210
  8300
  8535
  8235
  8750
  8665
  8490
  8105
  8490
  8495
  8700
  8505
  8265
  8330
