     0
  7750
  8180
  7365
  7940
  8480
  7380
  8090
  8395
  8570
  8060
  7925
  6910
  8095
  8400
  8145
  7160
  7960
  7950
  7240
  8035
  8160
  7175
  7975
  8095
  7145
  8290
  8175
  7270
  8145
  8010
  8120
  7315
  8275
  8070
  7095
  8365
  8155
  8370
  7150
  7930
  8360
  7255
  7895
  8285
  6965
  8340
  8180
  6990
  7960
  7935
  7030
  8000
  8035
  8375
  7380
  8075
  8060
  6850
  7950
  7920
  7345
  8055
  8060
  8330
  6970
  8075
  7910
  7150
  8360
  8135
  7150
  8600
  8520
  7085
  8000
  8070
  7005
  8275
  8090
  6920
  7905
  7850
  7110
  8230
  8140
  7180
  8060
  8420
  7215
  8095
  8370
  7095
  8035
  8115
  6965
  8140
  8230
  6935
  8295
  8085
  7255
  8290
  8070
  8010
  7305
  7670
  8210
  7205
  8125
  8345
  7010
  8180
  8215
  6910
  8280
  8085
  6780
  8270
  8035
  6860
  8225
  7960
  7955
  7375
  7910
  8185
  8360
  6830
  8235
  8475
  6870
  8175
  8305
  7020
  8170
  8255
  7270
  8530
  8005
  7105
  8220
  8065
  7175
  8250
  7685
  7080
  8025
  8045
  7415
  7845
  8210
  8215
  6865
  8055
  8250
  7080
  8145
  8120
  7315
  8090
  7890
  7120
  8065
  8045
  6800
  8175
  7930
  7150
  8235
  7835
  8220
  7145
  8175
  8125
  8210
  7160
  8345
  8005
  7300
  8260
  8195
  7165
  8160
  8050
  7095
  8185
  8155
  7185
  8060
  8290
  7100
  8000
  8190
  7010
  7955
  8240
  7215
  8085
  8350
  7185
  8240
  7955
  6825
  8130
  8150
  6980
  8420
  8240
  7060
  8170
  7860
  7140
  8480
  8210
  7170
  8200
  8035
  8110
  6950
  7950
  8425
  7075
  8345
  8345
  7120
  8330
  8695
  6795
  8115
  8010
  7175
  8320
  8095
  7055
  8430
  8010
  7885
  7205
  8365
  8090
  7240
  8045
  8210
  8050
  6925
  7950
  8150
  7575
  8215
  7920
  7115
  8535
  8255
  7010
  8225
  8530
  7325
  7915
  8050
  7325
  8240
  8180
  7230
  8065
  8135
  8345
  8250
  8145
  7050
  8240
  8130
  8320
  8465
  7095
  8150
  8375
  7860
  8170
  8415
  6715
  8405
  8155
  8145
  7215
  8455
  8235
  7285
  8585
  8070
  7705
  8435
  8175
  7285
  8065
  8070
  7770
  6905
  8180
  8390
  7995
  8060
  8465
  8090
  8380
  8270
  8085
  7990
  8035
  6985
  8370
  8110
  8225
  6965
  8235
  8060
  8050
  6730
  8185
  8275
  7505
  8535
  8175
  7500
  8035
  8385
  6990
  8355
  8190
  7210
  7810
  8140
  7175
  8075
  8335
  7230
  8230
  8350
  7035
  8380
  8305
  6990
  8270
  8285
  7115
  8320
  8025
  7100
  8130
  8085
  7290
  8190
  7905
  8100
  7290
  8155
  8220
  8260
  8390
  7510
  8130
  8610
  7000
  8260
  8115
  8295
  7070
  8370
  8060
  8240
  8275
  7645
  8320
  8245
  6740
  8345
  7815
  8360
  8145
  6805
  8015
  8405
  7210
  8275
  8125
  8125
  7130
  8170
  8170
  7200
  8140
  8240
  8445
  8315
  8340
  7155
  7820
  8235
  7270
  8225
  8130
  8355
  6845
  8015
  8100
  7480
  8270
  8185
  7330
  8135
  8115
  7130
  7980
  8465
  8165
  7105
  8415
  8345
  7155
  8565
  8235
  8000
  7190
  7990
  8165
  8445
  7170
  8130
  8270
  8035
  8270
  7140
  8170
  8185
  7165
  8190
  8210
  8040
  7455
  8140
  8130
  8120
  8325
  6985
  8325
  8150
  7260
  8105
  8200
  8240
  7100
  7830
  8700
  6780
  8115
  8270
  8140
  8075
  8250
  7855
  8370
  8405
  8155
  8390
  8330
  6925
  8360
  8390
  8160
  7425
  7850
  8145
  8500
  7065
  8625
  8050
  7940
  7470
  8025
  8435
  6905
  8355
  7860
  8055
  8495
  8565
  8375
  7990
  6730
  8285
  8275
  8195
  8205
  8280
  8310
  8520
  8130
  8130
  8545
  8335
  8530
  8230
  8040
  8150
  8115
  8010
  8190
  8425
  8275
  8055
  7820
  8060
  8365
  8245
  7930
  8245
  8470
  8425
  8360
  8020
  7735
  8115
  8060
  8225
  8035
  8250
  8160
  7930
  8125
  8300
  8195
  8250
  8260
  8155
  8200
  8245
  8225
  8155
  8425
  8530
  7960
  8435
  8190
  8060
  8080
  8640
  8010
  8085
  8035
  8090
  8440
  6770
  7925
  8395
  8190
  8065
  8180
  7925
  7860
  8380
  8045
  8205
  8305
  8140
  7920
  8335
  8220
  6700
  8485
  7930
  8120
  8175
  8040
  8165
  8345
  8275
  8310
  8200
  8130
  8135
  8070
  8050
  8375
  8045
  8105
  8250
  8330
  8135
  8010
  8320
  8335
  8085
  7905
  8250
  8310
  8045
  8035
  8385
  8140
  8235
  7995
  8130
  8220
  8160
  8270
  7200
  8300
  7870
  8205
  8480
  8210
  8485
  8430
  8115
  8260
  8310
  8000
  8370
  7895
  7850
  8385
  8430
  8020
  8355
  8190
  8060
  8240
  8385
  8150
  8145
  8325
  7975
  8325
  8315
  8115
  8365
  8060
  7735
  8460
  7905
  7990
  8270
  8210
  7890
  8425
  8240
  7860
  8375
  7845
  8095
  8355
  8205
  8105
  7975
  8220
  8395
  7865
  8275
  7755
  8055
  8180
  7705
  8040
  8330
  7905
  8320
  8315
  8350
  8175
  8730
  7810
  7920
  8210
  7935
  7985
  8135
  8210
  8390
  8155
  8300
  8060
  8490
  7975
  8135
  8260
  8045
  8345
  8300
  7865
  7940
  8430
  8365
  8275
  8440
  8090
  8255
  7995
  8280
  8475
  8265
  7785
  8245
  8430
  7885
  8425
  8295
  8070
  8210
  7985
  8170
  8415
  8325
  8300
  8285
  8210
  8410
  8050
  8390
  8240
  8175
  8230
  8155
  8010
  8480
  8135
  8235
  8425
  8255
  8125
  8215
  8565
  7970
  8185
  8435
  8240
  7970
  8305
  7805
  8005
  8430
  8050
  7900
  8230
  8030
  8165
  8590
  8350
  8505
  8245
  8280
  8165
  8330
  8405
  8110
  7865
  8200
  8545
  8185
  8250
  7800
  7895
  8195
  7895
  8360
  8310
  8240
  8095
  8240
  8340
  7915
  8195
  8755
  8335
  8160
  8400
  8330
  8180
  8045
  8465
  8090
  8290
  8045
  8325
  8310
  8170
  7830
  8570
  8180
  7960
  8240
  8245
  8340
  8075
  8245
  8065
  7910
  8155
  8465
  8015
  8440
  8280
  8215
  8340
  8030
  8330
  8115
  8095
  8215
  7955
  8285
  8120
  8240
  8105
  8110
  8120
  8380
  8220
  8015
  8345
  8355
  8025
  8730
  8520
  8295
  8320
  8280
  8455
  8200
  8365
  8110
  8070
  7965
  8155
  7785
  8265
  8230
  7960
  8390
  8135
  7755
  8145
  8090
  7985
  8330
  8475
  8270
  8130
  8095
  8335
  8085
  8050
  7935
  8195
  8195
  8365
  8095
  8245
  8335
  8240
  8300
  8550
  8120
  7900
  8305
  8120
  8235
  8340
  8185
  7860
  7985
  8235
  8150
  7855
  8565
  8225
  8340
  8715
  8490
  7910
  8400
  8355
  8025
  8340
  8345
  8285
  8405
  8150
  8130
  8100
  8180
  8215
  8090
  8085
  8430
  7965
  8065
  8580
  8410
  8075
  8145
  8085
  7950
  8320
  8260
  8090
  8310
  8135
  7890
  7825
  8375
  8295
  7985
  8055
  8070
  8135
  8200
  7750
  8165
  7985
  8190
  8015
  7895
  7995
  8365
  7730
  7890
  8390
  8110
  8345
  8220
  8095
  8240
  8205
  8300
  8185
  8255
  8395
  8155
  8230
  7915
  7905
  8380
  8115
  8460
  8140
  8095
  8000
  8390
  8505
  7955
  8375
  7680
  8140
  8025
  7955
  8540
  7905
  8265
  8140
  7845
  8505
  7995
  8225
  8315
  8215
  8045
  8345
  8180
  8275
  8285
  8150
  8040
  8105
  8180
  8290
  8260
  8240
  8465
  7995
  8525
  8115
  7965
  8145
  7975
  8375
  8280
  8350
  8240
  8405
  8540
  8335
  7710
  8370
  8595
  8405
  8100
  8745
  8235
  8195
  8395
  8090
  8070
  8170
  8365
  7985
  8150
  7970
  8420
  8285
  8100
  8040
  8210
  8335
  8325
  8460
  8020
  8270
  8140
  8255
  8250
  8140
  8485
  8350
  8160
  8195
  8520
  7865
  8230
  7945
  8220
  8210
  8175
  8105
  7930
  8195
  8285
  8265
  7805
  8295
  7770
  7725
  8020
  8045
  7915
  8280
  8605
  8125
  8445
  8180
  8120
  8075
  8310
  8345
  8365
  8055
  8490
  8465
  7830
  8325
  8345
  7975
  7910
  8325
  8130
  7930
  8255
  8460
  7990
  8115
  8475
  7970
  7985
  8110
  8100
  7865
  8210
  7850
  8010
  8345
  8015
  8395
  8325
  8435
  8480
  8305
  8385
  8005
  8010
  8210
  8130
  8375
  7975
  8185
  8195
  8205
  8190
  8610
  8515
  8070
  8240
  8390
  7525
  8195
  8230
  7990
  8260
  8185
  8245
  8090
  8005
  8115
  7985
  8280
  8250
  7935
  8030
  7665
  8025
  7980
  8355
  8560
  8335
  8025
  7920
  8325
  8315
  8215
  8315
  8105
  8175
  8065
  8280
  8215
  8070
  8440
  8130
  8325
  8220
  8605
  8170
  8060
  8095
  8145
  7940
  7985
  8140
  8165
  8155
  8280
  8310
  8225
  8135
  8330
  8165
  8140
  8225
  8595
  7905
  8215
  8230
  8045
  8085
  8120
  8270
  8030
  8655
  8240
  8185
  8445
  8160
  8250
  7905
  8225
  7970
  7620
  8500
  8080
  7810
  8290
  8340
  8085
  8210
  8555
  8290
  8095
  8145
  8510
  8150
  8035
  8200
  8080
  8345
  8275
  8115
  8160
  7930
  8015
  8030
  8295
  7985
  7990
  8390
  8290
  7960
  8090
  8255
  8440
  8435
  8150
  8195
  8155
  8090
  8270
  8005
  8075
  8305
  8025
  8345
  8165
  8140
  8330
  8070
  8280
  8175
  8075
  8075
  8085
  8280
  8100
  8125
  8355
  8290
  8140
  7680
  8270
  8155
  7990
  8360
  8305
  8195
  8075
  8440
  8100
  8105
  8585
  8535
  8095
  8190
  8150
  7710
  8140
  8260
  8175
  8265
  8165
  7950
  8135
  8480
  8470
  7975
  8165
  8410
  8355
  8295
  8085
  8425
  7995
  8575
  8590
  8175
  8065
  8220
  8125
  7830
  8440
  8515
  8035
  8110
  8500
  8030
  8315
  8165
  8360
  8220
  8230
  8050
  8100
  8370
  8065
  8480
  8460
  8005
  8320
  8460
  8300
  7880
  8105
  8135
  8120
  8120
  7980
  7820
  8210
  8330
  8250
  8420
  8180
  8260
  8280
  8070
  8185
  7925
  7920
  8250
  8180
  8290
  8310
  8335
  8090
  8290
  8250
  8080
  8240
  8525
  8095
  7850
  8140
  8145
  8180
  8480
  8380
  7990
  8095
  8090
  8285
  8200
  8225
  8255
  8255
  7960
  8650
  8235
  8130
  8055
  8135
  8195
  8060
  8015
  8405
  8285
  8260
  8050
  7735
  8200
  8465
  8215
  8180
  8455
  7885
  8445
  8190
  8000
  8130
  7910
  7970
  8160
  8345
  8030
  8120
  8405
  8230
  8150
  8140
  8185
  7955
  7980
  7950
  8655
  8140
  7995
  8305
  8340
  8070
  8225
  8240
  8005
  8295
  8340
  8370
  7990
  8045
  8115
  8145
  8360
  7870
  8350
  8235
  8165
  8215
  7875
  8330
  8265
  8075
  8175
  8190
  8630
  8100
  7995
  8180
  8140
  8025
  8055
  8030
  7975
  8380
  8295
  7875
  7775
  8015
  8420
  7910
  8085
  8080
  7970
  8310
  7800
  8035
  8355
  8155
  8185
  8150
  8335
  8420
  8015
  8030
  8355
  8205
  8245
  7875
  8020
  7875
  8165
  8095
  8255
  8455
  8490
  8430
  7470
  8020
  8025
  7715
  8105
  7990
  8275
  8480
  8330
  8005
  8055
  8340
  8145
  8190
  7830
  8255
  8275
  8050
  7925
  8160
  8400
  8105
  7880
  8330
  8320
  8520
  8210
  7795
  7900
  8375
  8140
  8230
  7950
  8575
  8060
  8360
  8095
  8200
  8205
  8165
  8025
  8105
  8225
  8130
  8225
  7905
  7960
  8235
  8315
  8070
  7860
  8485
  8190
  8280
  8055
  8435
  8095
  8255
  7805
  8325
  8180
  8285
  7965
  8110
  8435
  8250
  8190
  8045
  8475
  7980
  8195
  7985
  8060
  8155
  8345
  7935
  8310
  8335
  8405
  8380
  7930
  8190
  8260
  7990
  7995
  8005
  7955
  8435
  8045
  8060
  8160
  8285
  8280
  8175
  8120
  7890
  8240
  8105
  8140
  8005
  8060
  8600
  7810
  8215
  8000
  8255
  7970
  8300
  7895
  7825
  8250
  8260
  8020
  8370
  7830
  8460
  8490
  8070
  8020
  8055
  8420
  8205
  8315
  7835
  8160
  8220
  7800
  8365
  8070
  8445
  7890
  8015
  8220
  8115
  7775
  7950
  8035
  8080
  8295
  7905
  7890
  8195
  8200
  8125
  7910
  8365
  8045
  7945
  8385
  8140
  8520
  8330
  7990
  8150
  8280
  8580
  8030
  7925
  7690
  8110
  8210
  8090
  8050
  8385
  8180
  8600
  8350
  8090
  8385
  8065
  8265
  8220
  8140
  8280
  8465
  8155
  8050
  8285
  8275
  8270
  7995
  8145
  8705
  8350
  8305
  8220
  8220
  7980
  8435
  8160
  8240
  8190
  8120
  7945
  8230
  8615
  8125
  8100
  8065
  8020
  7930
  8240
  8150
  8360
  8305
  8295
  8455
  8180
  8250
  8205
  8040
  8280
  8035
  8270
  8240
  8470
  7965
  8200
  7985
  8320
  7915
  7860
  8130
  7995
  8170
  7990
  7880
  8060
  8125
  7945
  8355
  8400
  8275
  8085
  7925
  8330
  8455
  8405
  8110
  8090
  8235
  8380
  8270
  7895
  8315
  7925
  8190
  8020
  8190
  8275
  8275
  7875
  7880
  8430
  8300
  8185
  8105
  8085
  8280
  7980
  8340
  8105
  8120
  8440
  8300
  8140
  8115
  8295
  8560
  8060
  8005
  8015
  8010
  8435
  8140
  8035
  7980
  8590
  8350
  8075
  7865
  8045
  8660
  8445
  8065
  8490
  8080
  8115
  8170
  8390
  8110
  8160
  8470
  8160
  7865
  7865
  8225
  8090
  8000
  8075
  8550
  8255
  8300
  7925
  8050
  8355
  8395
  8230
  8110
  8665
  8135
  8425
  8565
  8265
  8025
  8150
  7990
  8470
  8475
  8350
  7915
  7800
  7915
  8420
  8130
  7780
  8065
  8185
  8265
  8290
  7925
  8360
  8075
  8085
  8300
  7980
  8365
  8280
  8050
  8120
  8170
  8315
  8420
  7795
  8100
  8225
  8070
  8135
  8015
  8030
  8195
  8340
  7870
  8480
  8365
  8360
  8300
  8000
  8665
  8155
  8405
  8085
  8200
  8285
  7975
  7985
  7820
  8000
  8520
  8190
  8005
  8110
  8195
  8270
  7900
  8140
  8285
  8415
  8240
  8230
  8155
  8355
  8230
  8110
  8090
  8135
  8170
  8360
  8210
  8035
  8225
  8030
  8200
  7860
  7975
  8425
  8295
  8045
  7825
  8200
  8150
  8165
  7870
  7990
  8300
  8340
  8365
  8205
  8155
  8250
  8360
  7995
  8415
  8450
  8135
  8150
  7905
  8165
  8510
  8295
  7950
  8730
  7975
  8160
  7600
  7810
  8225
  8080
  8295
  7985
  8070
  8465
  8335
  8190
  8515
  8255
  8590
  8340
  7985
  8000
  8250
  7935
  8300
  7785
  8200
  8195
  7955
  8690
  8360
  8270
  8100
  8240
  8065
  7795
  8220
  8305
  8265
  8090
  8585
  8430
  8320
  8090
  8160
  7845
  8115
  8400
  8175
  8215
  8295
  8265
  8035
  8225
  7900
  8235
  8020
  8380
  7985
  8085
  8400
  8195
  8020
  8100
  8160
  8480
  8125
  8145
  7755
  7875
  8295
  7985
  8310
  7955
  8175
  8070
  8290
  8490
  8030
  8080
  8105
  8270
  7800
  8015
  8010
  8345
  7850
  7950
  8085
  7965
  8000
  8320
  8305
  8090
  8325
  8300
  8070
  8085
  8170
  8505
  7945
  8210
  8260
  7960
  8340
  8295
  8185
  8115
  8410
  8315
  8355
  7975
  8000
  8310
  8400
  8425
  8515
  8250
  8370
  8525
  8335
  8475
  8395
  8160
  7950
  7880
  8395
  8560
  8060
  8180
  8040
  8170
  8610
  8075
  8055
  7910
  8260
  8350
  8040
  7870
  8235
  8345
  7755
  8150
  8240
  8335
  8410
  8365
  7955
  7960
  8630
  8355
  7855
  8150
  8135
  8340
  8355
  8160
  8290
  8210
  8345
  7945
  7995
  8135
  8310
  8440
  8155
  8155
  7940
  8170
  8395
  8160
  8050
  8135
  8560
  8460
  8275
  8010
  8170
  8240
  8270
  8110
  7325
  8005
  8175
  8380
  8295
  8135
  8380
  8120
  8110
  7965
  7995
  8470
  8085
  8080
  8000
  8155
  8325
  8265
  8325
  8280
  7945
  8740
  8060
  8030
  7965
  7985
  8135
  8210
  8055
  8230
  8055
  8545
  7935
  7835
  8455
  8065
  7980
  8070
  8515
  8315
  8295
  7860
  8280
  8125
  8145
  8340
  7960
  8100
  8215
  8275
  8080
  8150
  8495
  7750
  8115
  8130
  8340
  7985
  8570
  8820
  8400
  8275
  7940
  7995
  8230
  8255
  8285
  8200
  8560
  8015
  8230
  8200
  8165
  8230
  8115
  8145
  8085
  8450
  7805
  7990
  8700
  8435
  7930
  7835
  8145
  8335
  8185
  8275
  8135
  7955
  8245
  8455
  7975
  8215
  8270
  7880
  8060
  8085
  8430
  7670
  8155
  8430
  8200
  8270
  7980
  8465
  8135
  8260
  8170
  8530
  7900
  8290
  8195
  8165
  8340
  8275
  8215
  8185
  8470
  8255
  8170
  7935
  8460
  8040
  7875
  7980
  8120
  8450
  8175
  8335
  8160
  8295
  8210
  8100
  7955
  8140
  8275
  8160
  8255
  8550
  8110
  7835
  8005
  7950
  8455
  7945
  8085
  8375
  8215
  8560
  8440
  8035
  8285
  8255
  8320
  7930
  7865
  8105
  8340
  8020
  7960
  8100
  8360
  7920
  8130
  8130
  8210
  8685
  8335
  8065
  8110
  8495
  8400
  8095
  8040
  8335
  8370
  8190
  7930
  8240
  7990
  8190
  8085
  8120
  8020
  8255
  8255
  8025
  8110
  8100
  8070
  8080
  8175
  8470
  7990
  7920
  8165
  8200
  8235
  8070
  8190
  8300
  8405
  8340
  8290
  8040
  7860
  8505
  8310
  8055
  8265
  7905
  8165
  8245
  8440
  7985
  7825
  7875
  8270
  8240
  8160
  8490
  8410
  8615
  8150
  8245
  7950
  8125
  7960
  8210
  8110
  8025
  8045
  8050
  8165
  8125
  8075
  8195
  8265
  8030
  7995
  8300
  8015
  8080
  7985
  7865
  8005
  8265
  8455
  7885
  8145
  8140
  8160
  8400
  8170
  7980
  8075
  8295
  8535
  8090
  8135
  8340
  8485
  8300
  8055
  8105
  8075
  8260
  8620
  7925
  8335
  8340
  8455
  8105
  8275
  8125
  8005
  8255
  8165
  8130
  8235
  8110
  8005
  8000
  8420
  7840
  8180
  8100
  8150
  8265
  8150
  8490
  8020
  8365
  7760
  8255
  8445
  8320
  8360
  8160
  6910
  8160
  7910
  8205
  7875
  8050
  6980
  8355
  8285
  7080
  8055
  8165
  8400
  8470
  8005
  8155
  8455
  7975
  7985
  8455
  8320
  8465
  8225
  8170
  6810
  7935
  8155
  8325
  8165
  7185
  8465
  8205
  8255
  8260
  8100
  7390
  7905
  8160
  8020
  8340
  7360
  8375
  8355
  8335
  8085
  7935
  8595
  8075
  8225
  8700
  8075
  6995
  8120
  8160
  7095
  8180
  8430
  7160
  8380
  8090
  8200
  8310
  8260
  7275
  8295
  8115
  8345
  8345
  8255
  7220
  8320
  8040
  7970
  8525
  7070
  8140
  8545
  8150
  8215
  8325
  8465
  7255
  8240
  8100
  8095
  7745
  7880
  8330
  8090
  8490
  7135
  8000
  8475
  8395
  7210
  8220
  8100
  8150
  8340
  8165
  8070
  8370
  6850
  8390
  8245
  8090
  8385
  6950
  7895
  8400
  8080
  8250
  7060
  8185
  8080
  7870
  7005
  8320
  8050
  8175
  8325
  6960
  8055
  8380
  8155
  7535
  7925
  7910
  7010
  8215
  8145
  8230
  8090
  7200
  8350
  8145
  7135
  7860
  8250
  8540
  7070
  8395
  8185
  7420
  8180
  8045
  6870
  8340
  8185
  8385
  7315
  7700
  8210
  7325
  8115
  8130
  8235
  7215
  8215
  8065
  7325
  8440
  8095
  7260
  8105
  8125
  6830
  8030
  8210
  8040
  7040
  8575
  8355
  7025
  8275
  8120
  7450
  8345
  7935
  7540
  8315
  8035
  8205
  7000
  8345
  7885
  7295
  8005
  8505
  7045
  8260
  8285
  7120
  8685
  8330
  7120
  8330
  8300
  7275
  8170
  8405
  8020
  6800
  8175
  8070
  7140
  8270
  8035
  6850
  8290
  8005
  6930
  8070
  8080
  6885
  8135
  8065
  7390
  8190
  8170
  7160
  8420
  8450
  7000
  7950
  8280
  8290
  7265
  8415
  8165
  7245
  8475
  7750
  7435
  8230
  8285
  7290
  8030
  8025
  7395
  8205
  8090
  7225
  8245
  8365
  7395
  8205
  8390
  7195
  8485
  8430
  8275
  7980
  8290
  7010
  8365
  8035
  7210
  8315
  8155
  7000
  8285
  8140
  7160
  8435
  8015
  7225
  7555
  8080
  7070
  8000
  8565
  7055
  7830
  8290
  8160
  7165
  8210
  8205
  7000
  8520
  8210
  8330
  7125
  8020
  8310
  7795
  8275
  8160
  8710
  6990
  8610
  8230
  8300
  8115
  6900
  8050
  8210
  8325
  7325
  8205
  8075
  7040
  8035
  8255
  7375
  8130
  8430
  7140
  8170
  8200
  6905
  8370
  8380
  7005
  8205
  8480
  8135
  7170
  8395
  8055
  7340
  8240
  8085
  7115
  8210
  8055
  8200
  7065
  8175
  8335
  6915
  8075
  8110
  8410
  8350
  6835
  8110
  8205
  8100
  7925
  7090
  8320
  8265
  8450
  7975
  8100
  8140
  8380
  7455
  7780
  8310
  8070
  8210
  7445
  8010
  8110
  8540
  7180
  8190
  8290
  7270
  8355
  8150
  7120
  8155
  8100
  7240
  8195
  8000
  7155
  7905
  7975
  8215
  6930
  7890
  8375
  7260
  8170
  8180
  8285
  7425
  8480
  8285
  7310
  8250
  8000
  8215
  8180
  8580
  6960
  7965
  8330
  7440
  8045
  8195
  6855
  8290
  8195
  7330
  8170
  8325
  8165
  7145
  8210
  8380
  7420
  8280
  8275
  7185
  8465
  8220
  7805
  7250
  8055
  8220
  7270
  8555
  8045
  8685
  7025
  8185
  8465
  6935
  8235
  8435
  8170
  7215
  8415
  8405
  6970
  8035
  8085
  6965
  8185
  8030
  7170
  8235
  8400
  7615
  7875
  8310
  6870
  8505
  8260
  7055
  8520
  8000
  8390
  7100
  7805
  8265
  7085
  8205
  8370
  8255
  7115
  8285
  8520
  7210
  8205
  8160
  8040
  6985
  7595
  8285
  7250
  8315
  7945
  7025
  8035
  8055
  7045
  8290
  8210
  7105
  8150
  8260
  8250
  7400
  8140
  8255
  7120
  8165
  8330
  8315
  7445
  7810
  8165
  8345
  7115
  8175
  8385
  6980
  8330
  8135
  7930
  8135
  7080
  8090
  8340
  7055
  8495
  8550
  6810
  8220
  7920
  7135
  8250
  7990
  8185
  6955
  7995
  8255
  7235
  7955
  8450
  7075
  8470
  8225
  6800
  8075
  8335
  6825
  8100
  8070
  6850
  8325
  8145
  8365
  6935
  8235
  8625
  7010
  8220
  8450
  8265
  7350
  8335
  7945
  8070
  8470
  7340
  8420
  8245
  7025
  8020
  8345
  6900
  8000
  8235
  7040
  8265
  8050
  7185
  8595
  7905
  7240
  7810
  8455
  7000
  8050
  8425
  6920
  8110
  8285
  7140
  8190
  8280
  8345
  8140
  7190
  8220
  8020
  8055
  7250
  8410
  8345
  7060
  8505
  8210
  7030
  8095
  8165
  8455
  7070
  8005
  8410
  8110
  8360
  8470
  7265
  8100
  8085
  8335
  8000
  8225
  7975
  8200
  8180
  7940
  7210
  8320
  7795
  8165
  7030
  8200
  8260
  8170
  7005
  8345
  8105
  7290
  8655
  8150
  8105
  8190
  7945
  8210
  7245
  8170
  8425
  7345
  8345
  8615
  7025
  8200
  8155
  8260
  7225
  8165
  8280
  8445
  8230
  8340
  8560
  7115
  8225
  8375
  7020
  8320
  8195
  7100
  8395
  8185
  8190
  7250
  7485
  8015
  7200
  8035
  7940
  7090
  8505
  8150
  7045
  8420
  7995
  6975
  8460
  8290
  8410
  7295
  8110
  8245
  7095
  8440
  8435
  6965
  8245
  8170
  8255
  7460
  7830
  8280
  7555
  8030
  8075
  7335
  7830
  8435
  8200
  6890
  8640
  8165
  8295
  7430
  8315
  8545
  6860
  8070
  8370
  8445
  7285
  8515
  8035
  8090
  7090
  8475
  8320
  6980
  8380
  8520
  7125
  8765
  8270
  7135
  8345
  8165
  8100
  7030
  8280
  8055
  7230
  8145
  8330
  7115
  7905
  8395
  7165
  8090
  7950
  8065
  7365
  7660
  8220
  8015
  6885
  8095
  8165
  6755
  8350
  8115
  8035
  7140
  8050
  8230
  7170
  8250
  8330
  6895
  7970
  8280
  7160
  8100
  8300
  7050
  8575
  8105
  7100
  8540
  8050
  7050
  7885
  8010
  7005
  8335
  8030
  7275
  7920
  8235
  7390
  8415
  8190
  6785
  8265
  8390
  7290
  8175
  8180
  7125
  8155
  7890
  7485
  8300
  8060
  7210
  8275
  8335
  7220
  8235
  8460
  8290
  7345
  8215
  8065
  7245
  8125
  7840
  7350
  8190
  8275
  7010
  8075
  8210
  7290
  8245
  8315
  6865
  8515
  8190
  6895
  8455
  8140
  7290
  8265
  8260
  7270
  8140
  8350
  7435
  8015
  8535
  8205
  7015
  8235
  7875
  8120
  7115
  7705
  7985
  7230
  8400
  7900
  7315
  8205
  8295
  7325
  8595
  8030
  7155
  8020
  8090
  7235
  7920
  8250
  7125
  8065
  8335
  7430
  8310
  8060
  7040
  7980
  8245
  7015
  8220
  8245
  7070
  8000
  8255
  6925
  8260
  8105
  7015
  8310
  8220
  6990
  8045
  8530
  7565
  8225
  7875
  8000
  7045
  8080
  8305
  7210
  8235
  8265
  7235
  8205
  8370
  7035
  8540
  7970
  7120
  8055
  8515
  7490
  8125
  8430
  7245
  8145
  8365
  7420
  8315
  8170
  7055
  8500
  8070
  8220
  7310
  8200
  8250
  7070
  8140
  8275
  6910
  8080
  8260
  7125
  8220
  8275
  7030
  8010
  8370
  7115
  8110
  8205
  7185
  8485
  8340
  7225
  8520
  8420
  7465
  8185
  8205
  7385
  7980
  7945
  7045
  8120
  8330
  6950
  8250
  8270
  6870
  8460
  8270
  6845
  8500
  8045
  7050
  8350
  7990
  7170
  7895
  8375
  7595
  7990
  8125
  7220
  8305
  8170
  7165
  8210
  7990
  7175
  8270
  8020
  7200
  8515
  7790
  6935
  8390
  7655
  8325
  7230
  8315
  8430
  6905
  8025
  8080
  7355
  8490
  8310
  7395
  8435
  8040
  7300
  8275
  8440
  7500
  8275
  8270
  7325
  8030
  8615
  6955
  8305
  8075
  6870
  8100
  8155
  7035
  8000
  7840
  7255
  7955
  8150
  7090
  8250
  8370
  7115
  8205
  8020
  7185
  8105
  8110
  8040
  7250
  8290
  7925
  7025
  8375
  8380
  7500
  8295
  8370
  7465
  8405
  8120
  6745
  8255
  8040
  7135
  8315
  8180
  7280
  8310
  8315
  7325
  8215
  7940
  6820
  8180
  8235
  7150
  8145
  8255
  7255
  8340
  8240
  6925
  8120
  8065
  7100
  8095
  7915
  7115
  8135
  8250
  8100
  7330
  8115
  8405
  7350
  8180
  8430
  6830
  8360
  8340
  6790
  8375
  8085
  7020
  7980
  8005
  6865
  8145
  8115
  7065
  8365
  8200
  7315
  8260
  8195
  7130
  8055
  8010
  7325
  8330
  8010
  7405
  8225
  8235
  7305
  8490
  8070
  7120
  8200
  8490
  6880
  8380
  8185
  6655
  8145
  8385
  7310
  8280
  8330
  7310
  8175
  8050
  7080
  8225
  8265
  7025
  8340
  8180
  8005
  7170
  8185
  8395
  7010
  7820
  8160
  7130
  8120
  8085
  7270
  8250
  8505
  8065
  7310
  8325
  8095
  8425
  7495
  8020
  8180
  6930
  7990
  8210
  6820
  8500
  7965
  7085
  8325
  8185
  7125
  7975
  7910
  7130
  8295
  8010
  7460
  8180
  8525
  7300
  8345
  8410
  7000
  8375
  8310
  7260
  8415
  8350
  7455
  8305
  8185
  7100
  8205
  8375
  7065
  8335
  8300
  7180
  8105
  8270
  7130
  8105
  8195
  7170
  7990
  8590
  6885
  8250
  8505
  6700
  8180
  8515
  7795
  7550
  8125
  8165
  7390
  8055
  8440
  8080
  8135
  7325
  7990
  8255
  7280
  7895
  8055
  7020
  8270
  8220
  7410
  8375
  8440
  7000
  8100
  8180
  7370
  8290
  8025
  7155
  8330
  7970
  6940
  8445
  8445
  8375
  6910
  8415
  8350
  7045
  8150
  7990
  7160
  8385
  8035
  6885
  8130
  7875
  7160
  8060
  8275
  6970
  8075
  8165
  8535
  7025
  8370
  7955
  6730
  8275
  7895
  7315
  8615
  8175
  7405
  7940
  8090
  7480
  8385
  8215
  7360
  8325
  8130
  6895
  8120
  8230
  6930
  8230
  8640
  7120
  8115
  8295
  7050
  8285
  7965
  7190
  8070
  8090
  7440
  8035
  8115
  7545
  8140
  8305
  8440
  7070
  8270
  8360
  7140
  8360
  8495
  7040
  8310
  8010
  7305
  8225
  7870
  7730
  7885
  8165
  7370
  8480
  8000
  7185
  8005
  8500
  7280
  8515
  8180
  6990
  8400
  8205
  6825
  8310
  8320
  7030
  8335
  7800
  7090
  8115
  8290
  7135
  8130
  8225
  8195
  7280
  8330
  8425
  7060
  8495
  8315
  7290
  8685
  7980
  7690
  8080
  8070
  7230
  7910
  8265
  7145
  8120
  8160
  6940
  7920
  8330
  6975
  8185
  8475
  6980
  8405
  7885
  6995
  8200
  8050
  7190
  8090
  7910
  7330
  8045
  8230
  7185
  8450
  8165
  7065
  8255
  8245
  7130
  8165
  8205
  7105
  8005
  8105
  6735
  8005
  8200
  8220
  7000
  8135
  8210
  7210
  8160
  8180
  7145
  8125
  8245
  7185
  7710
  8605
  6845
  7905
  8010
  7295
  8300
  8050
  6825
  8195
  8415
  7295
  8095
  8115
  6900
  8495
  7630
  8205
  6705
  8100
  8320
  7265
  8275
  8205
  7045
  8200
  7875
  6830
  8130
  8160
  7025
  8375
  7870
  6915
  7915
  8115
  8180
  7055
  8070
  8405
  8280
  7070
  8275
  8060
  7035
  7860
  8135
  7350
  7955
  7935
  6950
  7995
  7900
  7160
  8095
  8335
  8190
  8030
  6970
  8160
  8095
  8260
  7925
  7090
  8250
  8265
  7280
  8270
  8275
  8260
  7195
  8410
  8425
  8225
  7925
  8070
  7935
  6810
  8190
  8155
  7850
  8130
  7800
  8225
  8245
  8320
  7070
  7980
  8250
  6850
  7880
  8010
  7955
  7990
  8220
  8275
  7955
  8090
  8240
  8040
  8360
  6790
  8410
  8355
  6925
  8200
  8055
  8275
  8335
  7230
  8205
  8460
  7405
  8120
  8125
  8010
  8105
  8395
  7885
  8145
  8395
  7070
  7785
  8550
  8345
  8525
  8515
  7975
  6700
  8530
  8005
  7945
  8310
  8295
  8185
  7985
  8070
  8385
  6845
  8455
  8340
  8060
  8510
  7105
  7915
  8225
  8245
  7965
  8025
  8325
  8215
  8350
  7905
  8310
  8430
  8020
  6925
  8045
  8060
  8315
  7820
  8090
  7140
  7995
  8105
  7920
  7990
  8545
  8250
  7845
  8160
  7055
  8020
  8480
  7005
  8105
  8370
  8330
  7595
  8455
  8135
  8175
  8270
  8455
  8555
  8385
  8105
  8030
  7940
  8150
  8060
  8170
  8080
  8060
  8115
  8095
  8340
  7930
  8065
  7905
  7925
  8240
  7885
  8290
  8215
  8325
  7830
  8340
  7995
  7815
  8245
  8215
  8105
  8315
  7865
  8125
  8465
  7900
  7900
  8310
  8000
  7840
  8480
  6795
  8265
  8340
  8160
  6955
  8245
  8255
  8455
  8060
  8070
  8335
  7955
  8070
  8320
  8055
  8370
  7865
  8300
  7900
  7925
  8095
  8545
  7945
  8345
  8315
  7830
  7995
  8125
  8075
  8195
  7945
  7930
  8315
  8140
  7835
  8170
  8055
  8125
  8260
  8300
  8115
  7270
  7880
  8310
  8280
  8095
  8360
  8195
  8500
  8395
  7710
  8425
  8120
  8390
  7950
  8010
  7840
  8235
  8325
  7925
  8305
  8130
  7720
  8315
  7925
  8390
  8490
  7995
  8285
  8425
  8045
  7810
  8170
  7880
  8195
  7985
  8180
  8140
  7870
  8340
  7070
  7940
  8010
  8000
  7740
  8405
  8070
  8190
  8425
  8175
  7050
  7905
  8095
  7940
  8230
  8135
  8230
  8195
  7965
  8510
  8190
  8230
  8425
  8040
  8190
  8050
  7955
  8240
  8140
  8345
  8840
  8020
  7255
  8025
  8055
  8610
  8300
  8180
  8350
  8140
  7995
  8065
  8285
  7155
  8015
  8015
  8465
  7240
  8095
  8440
  8165
  7305
  8030
  7945
  8280
  8295
  6845
  8130
  7975
  8215
  8305
  8220
  7875
  8015
  7700
  8110
  8145
  8155
  8250
  8355
  8325
  7985
  7920
  8010
  8145
  8050
  7970
  8210
  8010
  8345
  8125
  7065
  8455
  8090
  6755
  8120
  7870
  8260
  7965
  8220
  8080
  7870
  8400
  8105
  8085
  8005
  8195
  8010
  7795
  7185
  7900
  8400
  7680
  8020
  8540
  8165
  8410
  6845
  7965
  8235
  8300
  8160
  8020
  8225
  7205
  8230
  8360
  7290
  8165
  8340
  8245
  8085
  7190
  8335
  7995
  7975
  8665
  8005
  8380
  6885
  8235
  8335
  8280
  6905
  7780
  8175
  8110
  8165
  6730
  8270
  7910
  7850
  8145
  7640
  8635
  8115
  6690
  8060
  8200
  8230
  8340
  6770
  8440
  8215
  6935
  8260
  8310
  6930
  8395
  8185
  8320
  8565
  6940
  8370
  7975
  7120
  8355
  7965
  8380
  8120
  8090
  8190
  7870
  8065
  6765
  7925
  8390
  8240
  8250
  7015
  8260
  8340
  8030
  6950
  7990
  8300
  8285
  8030
  7375
  8250
  8215
  8410
  7980
  6960
  8055
  8170
  7200
  8015
  8345
  8020
  8065
  8345
  7050
  7975
  8190
  8160
  7075
  7985
  8195
  8085
  8300
  6820
  8470
  8195
  7990
  8495
  8450
  8175
  8355
  8315
  8125
  7955
  8195
  8395
  8190
  7065
  8090
  8140
  7060
  8120
  7680
  8335
  8335
  8080
  8410
  8085
  8325
  7195
  8175
  7910
  7400
  7900
  8010
  7995
  8125
  8005
  7055
  8315
  8245
  8125
  8000
  8325
  8190
  7075
  8265
  8115
  7170
  8260
  8310
  8275
  8075
  8375
  8200
  7965
  8305
  6630
  8245
  8335
  8020
  7515
  8285
  8180
  8235
  6740
  7995
  8420
  7065
  7945
  8195
  7035
  8195
  8500
  7015
  8205
  8220
  6810
  8175
  8150
  8065
  7250
  8015
  8315
  8180
  8010
  7420
  8260
  7810
  7925
  7160
  8255
  8175
  7710
  8060
  8530
  6870
  7950
  7960
  8195
  8030
  8305
  7260
  8655
  7990
  8320
  8130
  7780
  8190
  7230
  8570
  8200
  8200
  8305
  7260
  8145
  8075
  8105
  8310
  8225
  6810
  7955
  8180
  7820
  7075
  8260
  8190
  6970
  8050
  8515
  6800
  8235
  8440
  7235
  8080
  8060
  8475
  8030
  8255
  7085
  8445
  7945
  8040
  8630
  6975
  8180
  8205
  8140
  7150
  8265
  8045
  8105
  8305
  6955
  8065
  7830
  7995
  8230
  8310
  8085
  8060
  7995
  8340
  7125
  8175
  8040
  8010
  8135
  8200
  8160
  8320
  8290
  7085
  8080
  7985
  7265
  8200
  7945
  8130
  8440
  8140
  7000
  8065
  8095
  8255
  8185
  8215
  7995
  8095
  8225
  8360
  7110
  8140
  8035
  8080
  8415
  8205
  8250
  7960
  8160
  8325
  7905
  8110
  7995
  7910
  8220
  7920
  8375
  8365
  7830
  8055
  8115
  7930
  8270
  8500
  7895
  8180
  8285
  7745
  8010
  8000
  8205
  7905
  8360
  8225
  8345
  8175
  8205
  8390
  8125
  8325
  8220
  7800
  8235
  7895
  8025
  7880
  8285
  6915
  8090
  8030
  8040
  8090
  8225
  8150
  8375
  8195
  8160
  8230
  7895
  8355
  8325
  8000
  8135
  8525
  8095
  8155
  8330
  7860
  8185
  8015
  7975
  8225
  8550
  7770
  8235
  7910
  8275
  8030
  8040
  8155
  8225
  8325
  7825
  8495
  8325
  7805
  7960
  7925
  8295
  8295
  8300
  8215
  8260
  8120
  7595
  8345
  7950
  8255
  8405
  8190
  8205
  8160
  8050
  8325
  8395
  8010
  8250
  7715
  8475
  8280
  8350
  8100
  8315
  8190
  7995
  8145
  8320
  8255
  8050
  8240
  8130
  8370
  7950
  8315
  8370
  7955
  8015
  8065
  8110
  8090
  8300
  7955
  8450
  8270
  8205
  8120
  8205
  8130
  8275
  8305
  7925
  8055
  7910
  7830
  8140
  8330
  8370
  7885
  8270
  8250
  7870
  8075
  8035
  7910
  8345
  8185
  7965
  8205
  8285
  8295
  8110
  8250
  8175
  7990
  8140
  8025
  8270
  8135
  8275
  7935
  8300
  8125
  7735
  8420
  7870
  7905
  8255
  7815
  7735
  8130
  8365
  8085
  8215
  7830
  8280
  8225
  8465
  8220
  8210
  8215
  7870
  8105
  8110
  8290
  8070
  7880
  8080
  8315
  7935
  8395
  8220
  8340
  8230
  8075
  8250
  8160
  8310
  8070
  8240
  8290
  7980
  8415
  8260
  8475
  8255
  7990
  8060
  8210
  7875
  8215
  8665
  8255
  8550
  8580
  8210
  8190
  8235
  8185
  8070
  8150
  8225
  8180
  7960
  7690
  8240
  8130
  7975
  8045
  8460
  7985
  8150
  8270
  8195
  7955
  8245
  8100
  8035
  8005
  8180
  7980
  8100
  8015
  8040
  8250
  8245
  8175
  8405
  7800
  8090
  8220
  8090
  8200
  7980
  8065
  8320
  8470
  8265
  8110
  8065
  7940
  8120
  8610
  8030
  7990
  8100
  7720
  8505
  8375
  8250
  8245
  8125
  8305
  8505
  7955
  8125
  7955
  8085
  8295
  8280
  7880
  7870
  7675
  8330
  8560
  8255
  8315
  7900
  7895
  8270
  8130
  7830
  7865
  7800
  8335
  8270
  8060
  7915
  8360
  8060
  8125
  8010
  8125
  8175
  7810
  8095
  8180
  8450
  8170
  8080
  8065
  8505
  7925
  8135
  8100
  8130
  7855
  8245
  8175
  8250
  7890
  8090
  8340
  8390
  8100
  7990
  8070
  8115
  8595
  8040
  7880
  8125
  8075
  8315
  8065
  8020
  8185
  8085
  7825
  8250
  8065
  8075
  8475
  8165
  7985
  8240
  8195
  8100
  8130
  8240
  7725
  8185
  7695
  7885
  8260
  7925
  8135
  7895
  8410
  8250
  8070
  8080
  8325
  8385
  8300
  8100
  7985
  8620
  7915
  8130
  7785
  8020
  8170
  8225
  8000
  7920
  8170
  8050
  8000
  7815
  8250
  8310
  8235
  8270
  8010
  7825
  7945
  8555
  8105
  8270
  7970
  8415
  8405
  8150
  7905
  8095
  8225
  8200
  8060
  7915
  8030
  8205
  7935
  7865
  7940
  8120
  8150
  8480
  7990
  8310
  8395
  8020
  8140
  8075
  8070
  8400
  8070
  8120
  8335
  8290
  8405
  8000
  7925
  8210
  8205
  7885
  8415
  8300
  8200
  8080
  7725
  8135
  8295
  8180
  8395
  7970
  8395
  8335
  8255
  8035
  7995
  8290
  8060
  8155
  7855
  8145
  8465
  8480
  8185
  8340
  8205
  8195
  8465
  7975
  7880
  8430
  8225
  7910
  7940
  8480
  8215
  8430
  7900
  7715
  8030
  8250
  7965
  7425
  7960
  8020
  8150
  8225
  8025
  8135
  8175
  8325
  7910
  8175
  8370
  8395
  8055
  7800
  8425
  8285
  8065
  7730
  8040
  8420
  8095
  8190
  7720
  8335
  8585
  8055
  8060
  7895
  8265
  7890
  8070
  7845
  8105
  7985
  8035
  8240
  7975
  8425
  8485
  8135
  8215
  7900
  7670
  8170
  8030
  8065
  7705
  7990
  8075
  8025
  8175
  8195
  8280
  8615
  8225
  7905
  7990
  8275
  7855
  8180
  8080
  8045
  8350
  8100
  8210
  7825
  8185
  8060
  8305
  8100
  8115
  8140
  8190
  8100
  8055
  7840
  8150
  7820
  7920
  8140
  8355
  8110
  8210
  7850
  8135
  8315
  8205
  8315
  7925
  8355
  8455
  7915
  7745
  8330
  8445
  8250
  7730
  8045
  8270
  8295
  8425
  8210
  8115
  8265
  8180
  7660
  8010
  8260
  8205
  8300
  8085
  8025
  8270
  8210
  7885
  8145
  8265
  7980
  8300
  8180
  8245
  8110
  8135
  8095
  8070
  8115
  8145
  8490
  8185
  8100
  8270
  8425
  7855
  8225
  8330
  7990
  8040
  7705
  8035
  8255
  8350
  8230
  7950
  8240
  8350
  8270
  8200
  8030
  7890
  7985
  8365
  8390
  8235
  7650
  8065
  8300
  7875
  8065
  8355
  7605
  8200
  8225
  8160
  8255
  7905
  8195
  8220
  7985
  7780
  8155
  8080
  8205
  8035
  7940
  8010
  8060
  8010
  8270
  8390
  8025
  7980
  8105
  8225
  8075
  8045
  7595
  8060
  8090
  7955
  7875
  8020
  7895
  8020
  8380
  8360
  8325
  8815
  8090
  8270
  8145
  8185
  8050
  8020
  8045
  7960
  7955
  7805
  8235
  8000
  7545
  7995
  8070
  7940
  8185
  7740
  8275
  8010
  8440
  8240
  7855
  8420
  8080
  7945
  7945
  7940
  8120
  8230
  8460
  8040
  8140
  8050
  8435
  8360
  8390
  7645
  8015
  8200
  8200
  7985
  7860
  7975
  8145
  8310
  8240
  7785
  8070
  8120
  8045
  8125
  8075
  8025
  8355
  8405
  8345
  7625
  7845
  8430
  8360
  8025
  8070
  8055
  8125
  8075
  7735
  7935
  8240
  8155
  8020
  7930
  8195
  8205
  8405
  7965
  7945
  8455
  8710
  8405
  7840
  7975
  8325
  8515
  8020
  8020
  8340
  8230
  8090
  7960
  8340
  8095
  8240
  8030
  7985
  8300
  8170
  8045
  7930
  7930
  7995
  8185
  8030
  7885
  8040
  8080
  7990
  7745
  8285
  8335
  8235
  7950
  8205
  8195
  8105
  8190
  8300
  7895
  8255
  8290
  8200
  8270
  8120
  8260
  8225
  8085
  8340
  7685
  7800
  8015
  8080
  8315
  8265
  8050
  8010
  8515
  8295
  8285
  8040
  8255
  8120
  8020
  7935
  7910
  8000
  8345
  8155
  8010
  8130
  8260
  8255
  7805
  7795
  7755
  8210
  8100
  7745
  7660
  8210
  8235
  8205
  8340
  7975
  8240
  8155
  8220
  8185
  7920
  8055
  7955
  8180
  7850
  7750
  8240
  8410
  8045
  8095
  7905
  8445
  8115
  8335
  7855
  7990
  8205
  7830
  8305
  8045
  7895
  8380
  8220
  7890
  7970
  7930
  8100
  7940
  7815
  7775
  8000
  7940
  8030
  8330
  8125
  7915
  8105
  7885
  8005
  8305
  8355
  8075
  7860
  7880
  7860
  8135
  7750
  8225
  8295
  7690
  7530
  8055
  8170
  8155
  7930
  8240
  7890
  7980
  7855
  8195
  8105
  8205
  7930
  8040
  7780
  8170
  8085
  8380
  8210
  8005
  8340
  8260
  7925
  7900
  8180
  8240
  8125
  7905
  8205
  7930
  8255
  8480
  8095
  7990
  8105
  7655
  7965
  8120
  8190
  7930
  8035
  8155
  7790
  8415
  8380
  8250
  8390
  7920
  8050
  8320
  8175
  8030
  7665
  8240
  7745
  8260
  8225
  8215
  8250
  7900
  8335
  8105
  8305
  8205
  7985
  8135
  8115
  7945
  8215
  8045
  7845
  7790
  8335
  8035
  8295
  8085
  7965
  7935
  8165
  8075
  7990
  7675
  8125
  8155
  8040
  8015
  7890
  7840
  7870
  8345
  8130
  7945
  8015
  8065
  8465
  8170
  8385
  7815
  8095
  8435
  8195
  8115
  8125
  7910
  7940
  8340
  8080
  8010
  7900
  8075
  8275
  8275
  8160
  7730
  8050
  8100
  8265
  8140
  7970
  7655
  8180
  8295
  8120
  7875
  7990
  8165
  7955
  7785
  8090
  7775
  8095
  7915
  7915
  7980
  8370
  8020
  8035
  8090
  7615
  8280
  8355
  8130
  8445
  7870
  8000
  7970
  8350
  8135
  7795
  8120
  8310
  8265
  8395
  8065
  8100
  8330
  8190
  8290
  7945
  8125
  8120
  7720
  8085
  8095
  7720
  7970
  8025
  7975
  7865
  8050
  8260
  8160
  8065
  7760
  8150
  8230
  8230
  7745
  8345
  8535
  8140
  8150
  7770
  8045
  8390
  8225
  7845
  8215
  8145
  8560
  8040
  8005
  7770
  8055
  8005
  8180
  7960
  8090
  8320
  8045
  8000
  7770
  8290
  8400
  8390
  7875
  7865
  8190
  8135
  8090
  7975
  7995
  8225
  8015
  8265
  7990
  8130
  8270
  8200
  7970
  7885
  8460
  8115
  7930
  8295
  8425
  8175
  8115
  8060
  7940
  8170
  8070
  8310
  7915
  8070
  7950
  8140
  7905
  8175
  8115
  8330
  7840
  8025
  8295
  8085
  8045
  8095
  8230
  8015
  7850
  7580
  8330
  8115
  7815
  8405
  7790
  7965
  7890
  8260
  8350
  8265
  8240
  8085
  8155
  8125
  8265
  8285
  8220
  8280
  8115
  8190
  7775
  8050
  8095
  8145
  8210
  7690
  8360
  8055
  7830
  7910
  8015
  8170
  8240
  8050
  8005
  8100
  8120
  7925
  8185
  8135
  8625
  8055
  7965
  7970
  8140
  8245
  8055
  7755
  8365
  8345
  8165
  8125
  8315
  8350
  8030
  7935
  7890
  8600
  7910
  7945
  7850
  8190
  8220
  8085
  8035
  8200
  8415
  8085
  7820
  7960
  8180
  8135
  8475
  7645
  7880
  8240
  8210
  8285
  8030
  8230
  8160
  7995
  8095
  8270
  8165
  8185
  8235
  7895
  8460
  7600
  7950
  8015
  8175
  7925
  7980
  8005
  8175
  8525
  8025
  8280
  7995
  8065
  8415
  8115
  8130
  8025
  8310
  8135
  7880
  7830
  8365
  8060
  8190
  8095
  8055
  8225
  8260
  8145
  8150
  7880
  8150
  7900
  8000
  8005
  7640
  7990
  8400
  8105
  8240
  8220
  8145
  7690
  7930
  7895
  7860
  7895
  8450
  7970
  8090
  8280
  8150
  8315
  8005
  8185
  8255
  8340
  8110
  8175
  8135
  7825
  7815
  8025
  7980
  8300
  8285
  8065
  8260
  8305
  8240
  8455
  7695
  8200
  8240
  7905
  7885
  7945
  7915
  8155
  8115
  8295
  7900
  8400
  8320
  7875
  8145
  7855
  7890
  8040
  8390
  8045
  8200
  7780
  8190
  8280
  7645
  8050
  8045
  8180
  8080
  8500
  7695
  8295
  7905
  8120
  7645
  8100
  8115
  8190
  8325
  8215
  8275
  7930
  7805
  8020
  8295
  8190
  8195
  8200
  7955
  7700
  7960
  8250
  8405
  8260
  8115
  8160
  8235
  8330
  8205
  8335
  8285
  8270
  7915
  8345
  8065
  8350
  7980
  8065
  8395
  8305
  7970
  7860
  7820
  8335
  7930
  8180
  8125
  7870
  7805
  7900
  8165
  8250
  8540
  8310
  7820
  8025
  8185
  8090
  8280
  7825
  7985
  8640
  8055
  8125
  7830
  8255
  8145
  8175
  8010
  8200
  8160
  7955
  8130
  7980
  8105
  8205
  8315
  8090
  8225
  8130
  8100
  8030
  8325
  8155
  8350
  8120
  8375
  7940
  7820
  7825
  7770
  7785
  8060
  8345
  8300
  7715
  8405
  7915
  7785
  7630
  7830
  8105
  8075
  8250
  8375
  7840
  8150
  8225
  8315
  8470
  7990
  8075
  8570
  7880
  7800
  8250
  8405
  8275
  8085
  8360
  7775
  7875
  8090
  8350
  8195
  8130
  7635
  8000
  8170
  7990
  8605
  8600
  8405
  8125
  7865
  7690
  8165
  8055
  8300
  8205
  7870
  7675
  8130
  8240
  8030
  7970
  8060
  7995
  8145
  8285
  8105
  7990
  8265
  8230
  8160
  8130
  8120
  7860
  8225
  8160
  8330
  8295
  7935
  8415
  8110
  8285
  8545
  8365
  7900
  8015
  7890
  8180
  8055
  8080
  8130
  7875
  7875
  8125
  8320
  8635
  8085
  7570
  8070
  8345
  8525
  8105
  8020
  8175
  7995
  8190
  8220
  8165
  8025
  8110
  8535
  8415
  8315
  7760
  8130
  8380
  8240
  8085
  8235
  7900
  7970
  8715
  8300
  8395
  8065
  8120
  8300
  8160
  8010
  7990
  7745
  7930
  8005
  8110
  8480
  7845
  7800
  8150
  8230
  8040
  8290
  8135
  8025
  8260
  8175
  8100
  7970
  8050
  8275
  8520
  7910
  7910
  7945
  8270
  8205
  8260
  8130
  7830
  8035
  8060
  8340
  7835
  7945
  8445
  8145
  8310
  8065
  8060
  8195
  7900
  7830
  8115
  8175
  8245
  8535
  8095
  7730
  8380
  8275
  8060
  8030
  8210
  8280
  7890
  8250
  8140
  8105
  8005
  8470
  8150
  8090
  8305
  8080
  8175
  7840
  7975
  8075
  8390
  8065
  7775
  8380
  8200
  8390
  8030
  8040
  7800
  8485
  8075
  7995
  8275
  8105
  8190
  8090
  7935
  8275
  8230
  8255
  8230
  8100
  8210
  8410
  8140
  8190
  8130
  8295
  8190
  8475
  7855
  7955
  7985
  8055
  7940
  8230
  8315
  8005
  8215
  8110
  8115
  8070
  8240
  8100
  8250
  8070
  8465
  8130
  8065
  8120
  8085
  8405
  8140
  8210
  7655
  8285
  8265
  8605
  8080
  7930
  8055
  8295
  7985
  8085
  7905
  8195
  8165
  8000
  7895
  7930
  8195
  8525
  8140
  7885
  8205
  8260
  8250
  8180
  8230
  8220
  8125
  8325
  8155
  8090
  8225
  8265
  7990
  8350
  8175
  8050
  8145
  8165
  8550
  8320
  8140
  8300
  8205
  8525
  8230
  7840
  8080
  8215
  8565
  8130
  8000
  8150
  8535
  8130
  8090
  8020
  8260
  8050
  8025
  7940
  8050
  8170
  8240
  7795
  7680
  8040
  8045
  8135
  8050
  8080
  8165
  8035
  8030
  7910
  8205
  8380
  8215
  8100
  8275
  8265
  8285
  7685
  8225
  8335
  8320
  7930
  8090
  8310
  8425
  8255
  8095
  8090
  8195
  8005
  7915
  7850
  8285
  8315
  8550
  7630
  8100
  8260
  8385
  8035
  8090
  8195
  8245
  8330
  8350
  8080
  8360
  8060
  8080
  8020
  7735
  8415
  8325
  8070
  7950
  8445
  8650
  8170
  8130
  8020
  8110
  8115
  8270
  7855
  8120
  8510
  8295
  8010
  7910
  8215
  8240
  7975
  8275
  8160
  8450
  8300
  8180
  7665
  8420
  8520
  8205
  8195
  7945
  8355
  8085
  8220
  8075
  8340
  8330
  8080
  8485
  8060
  8095
  8275
  8500
  8220
  8040
  8155
  8525
  7925
  8035
  8180
  8275
  7935
  8175
  7995
  8370
  8290
  8195
  8210
  8105
  7775
  8305
  8210
  7875
  7790
  8215
  8135
  7950
  8105
  8175
  8570
  8165
  7845
  7930
  8235
  8505
  8280
  7740
  8180
  8190
  8195
  7850
  7935
  8340
  8110
  8095
  7665
  8005
  8640
  8220
  8100
  7875
  8290
  7840
  7975
  8170
  7800
  8315
  8410
  7975
  8095
  8255
  8170
  8550
  8100
  8040
  8295
  8035
  8170
  7970
  8275
  8375
  8145
  8125
  8130
  8300
  8075
  8230
  7950
  8205
  8135
  7930
  7910
  8265
  8185
  8125
  7905
  7930
  8175
  8090
  7980
  8025
  8025
  8300
  8060
  8125
  8090
  8075
  8135
  8320
  7795
  8185
  8150
  7905
  7875
  7895
  8565
  8270
  8020
  7890
  8020
  8335
  8215
  7900
  8315
  8145
  8305
  7935
  7890
  8370
  8225
  8185
  8080
  7805
  8040
  7910
  7990
  7910
  8030
  8170
  8260
  7950
  8035
  7565
  8190
  8785
  7830
  7990
  7865
  8660
  8160
  7680
  8020
  8355
  8115
  7975
  8125
  8030
  8145
  8205
  8075
  8335
  8210
  8190
  8265
  8115
  8205
  8435
  8380
  8335
  7660
  7715
  8385
  8445
  8060
  8140
  8125
  8165
  8060
  8090
  8245
  8365
  8040
  8110
  8235
  8080
  7980
  8170
  8295
  8265
  8130
  8235
  8130
  8300
  7720
  8075
  8120
  8280
  8320
  7795
  8185
  8385
  7830
  8150
  8085
  8495
  8490
  8400
  8140
  8095
  8525
  7915
  7935
  7905
  7480
  8100
  8545
  8140
  7930
  8045
  8445
  8400
  7750
  7780
  8095
  7735
  8090
  7820
  8075
  8535
  8370
  8245
  7940
  8325
  8110
  8180
  8230
  7990
  8080
  7745
  7825
  8015
  8300
  8220
  8120
  7810
  7975
  7990
  8030
  8160
  7980
  8105
  8085
  8360
  8320
  7900
  8235
  8050
  8245
  7940
  8115
  7870
  8330
  8145
  8335
  8070
  7835
  7900
  8085
  8285
  8285
  7875
  8135
  8135
  8050
  7955
  8170
  7870
  8150
  7905
  8030
  8400
  8230
  8305
  8305
  7970
  8035
  7820
  8375
  8400
  8215
  8190
  7835
  8185
  8655
  8355
  8020
  7770
  7930
  8290
  8245
  8215
  8090
  8145
  8040
  8565
  8170
  8190
  8145
  7990
  7835
  8195
  8040
  8040
  8375
  8115
  8265
  8260
  7930
  8105
  8165
  8255
  8285
  8335
  8130
  8205
  8445
  8260
  8055
  8170
  7950
  7925
  8125
  8010
  8055
  8105
  7785
  8205
  8390
  7830
  8070
  8355
  7755
  8025
  8240
  8135
  8105
  7835
  8130
  8420
  8145
  8290
  8150
  7820
  8015
  7990
  8330
  8210
  8120
  7870
  8095
  8290
  8305
  8160
  8065
  7935
  8060
  8375
  8100
  8245
  7860
  8035
  8225
  8500
  8205
  8045
  8165
  8270
  7925
  8115
  7960
  7880
  8380
  8555
  8135
  7870
  8070
  7925
  8455
  8315
  8375
  8310
  7960
  8015
  8295
  8445
  8015
  8010
  8725
  8160
  7885
  8250
  7965
  8140
  8595
  8180
  8220
  8165
  8140
  7925
  8140
  8350
  8010
  8405
  8370
  8305
  8270
  8300
  8120
  7955
  7950
  7775
  8155
  8445
  8085
  8070
  7635
  8295
  8305
  8065
  7810
  7800
  8240
  8085
  8385
  7965
  8410
  8145
  8150
  8175
  8440
  8205
  7945
  8315
  7800
  8175
  7905
  7805
  8265
  8555
  8520
  7985
  8360
  8025
  8240
  8150
  8460
  7960
  7870
  8085
  7815
  8160
  8470
  8055
  8440
  8170
  8130
  8235
  8225
  8255
  7975
  7855
  7925
  8225
  8365
  8525
  8545
  7990
  8200
  8110
  8335
  8130
  8110
  8255
  8110
  8025
  8080
  8355
  7885
  8135
  8030
  8110
  7785
  8060
  8135
  8000
  8310
  8265
  7865
  8125
  8300
  8345
  8065
  8215
  8095
  7925
  8215
  8565
  8065
  8505
  8250
  8000
  7985
  7995
  8325
  8230
  8245
  8305
  7845
  8060
  8510
  7975
  8090
  8000
  7850
  7835
  8035
  8165
  8310
  8475
  7885
  8035
  7930
  8140
  8100
  8160
  8370
  8125
  8130
  7975
  8275
  8125
  8505
  8095
  7720
  8080
  8270
  8225
  8225
  8255
  8130
  7765
  7920
  8580
  7975
  8375
  7975
  7665
  8085
  8245
  8175
  8090
  7770
  7990
  8015
  8030
  8100
  8070
  8170
  7835
  8310
  8375
  8095
  8075
  7785
  7965
  8440
  8150
  8370
  8240
  8150
  7865
  7915
  7975
  8580
  8000
  7905
  8350
  8480
  8355
  8250
  7960
  8220
  8335
  8120
  8135
  8235
  7970
  8460
  8215
  8090
  8230
  8470
  8145
  8120
  7925
  8150
  8225
  8365
  7945
  8045
  8025
  7735
  8230
  8345
  8240
  7830
  8125
  8050
  8240
  7985
  8120
  8220
  8000
  8175
  8180
  8290
  8555
  8130
  8055
  8280
  8255
  8165
  7940
  8335
  8080
  8380
  8425
  8260
  7935
  8065
  8025
  8220
  8490
  7960
  7765
  8120
  8185
  8280
  8010
  8300
  8330
  8380
  8030
  7925
  8245
  8485
  8315
  7920
  7785
  8095
  8285
  8120
  8310
  8575
  8385
  8250
  8465
  8320
  8240
  8260
  8200
  7935
  8505
  8365
  8080
  8000
  8470
  8285
  7965
  8205
  8190
  8035
  8345
  8060
  7965
  8245
  7895
  7945
  8315
  8015
  8355
  8020
  8500
  8155
  8280
  8065
  8230
  8305
  8280
  8250
  7810
  7955
  8490
  8000
  8165
  8275
  8265
  8280
  8230
  8155
  7985
  7985
  8190
  8100
  8460
  8210
  8100
  8015
  7970
  7980
  8250
  8485
  8390
  8375
  8145
  8275
  8275
  7950
  8410
  8410
  8020
  7955
  8550
  8160
  8040
  7905
  8295
  8070
  7885
  8150
  8120
  8140
  7985
  7815
  8590
  8405
  8355
  7730
  8010
  8260
  8280
  8140
  7865
  8635
  8060
  7995
  7945
  8280
  8420
  8470
  8250
  8015
  8370
  8125
  7905
  8050
  8530
  8035
  8165
  8235
  7895
  8090
  8155
  8285
  8285
  8275
  8220
  8215
  8310
  8290
  8220
  8095
  8105
  8770
  7965
  8185
  8035
  7910
  8520
  7855
  7840
  7925
  8220
  8335
  8025
  7775
  8515
  8350
  8035
  7910
  8365
  8380
  8135
  8195
  8240
  8465
  7965
  7965
  8165
  7835
  8280
  8270
  7920
  7875
  8200
  8545
  8055
  8005
  7825
  8470
  8360
  8330
  8120
  8330
  8225
  8280
  8160
  7940
  8415
  7895
  8050
  8220
  8070
  8315
  7855
  8345
  8355
  8410
  8200
  7970
  8100
  8105
  7915
  7765
  8475
  8565
  8305
  7775
  8325
  7895
  8255
  8170
  7990
  8315
  8350
  8110
  8025
  8205
  8050
  8145
  8145
  8035
  8425
  8680
  7995
  7765
  8295
  8175
  8240
  8120
  8350
  8520
  8265
  8025
  8190
  8170
  8025
  8090
  8030
  8370
  8250
  8170
  8145
  8390
  8565
  8180
  8100
  8110
  8355
  8115
  8250
  8095
  8270
  8275
  8230
  8180
  8130
  8100
  7930
  8055
  8615
  8375
  7920
  7820
  8180
  8085
  7920
  8120
  8210
  7980
  8200
  8055
  8170
  8070
  8575
  7945
  8230
  8310
  8020
  8155
  8045
  8290
  8040
  8020
  8080
  8175
  7990
  8260
  7895
  7970
  7930
  7770
  8205
  8515
  8255
  8380
  8370
  8100
  8400
  7940
  7995
  7780
  8100
  8115
  8345
  8165
  8510
  8480
  8215
  7865
  8155
  8055
  8270
  7775
  7890
  8445
  8290
  8015
  7850
  7960
  7955
  7990
  7885
  8165
  8330
  7815
  8105
  8100
  8345
  8110
  8250
  8555
  8225
  8235
  8080
  8190
  8240
  8280
  7715
  7895
  8305
  8460
  8055
  7950
  8370
  8270
  8305
  7820
  7925
  8280
  7945
  8140
  7990
  8280
  8570
  8250
  7685
  8200
  8250
  8440
  7755
  7885
  8255
  8225
  7935
  8030
  8175
  8350
  8350
  7995
  8510
  8100
  8355
  8135
  8245
  8405
  8300
  8195
  8175
  8560
  8190
  8075
  8255
  8215
  8140
  8185
  7950
  8615
  8400
  7965
  7735
  8245
  8080
  7820
  7970
  7975
  7975
  7965
  7895
  8095
  8530
  8395
  8165
  8085
  8230
  8305
  7940
  7920
  8110
  8390
  8515
  8155
  7840
  8520
  8360
  8300
  7925
  8380
  8425
  8015
  8105
  7900
  8170
  8410
  7980
  7945
  8375
  8380
  7975
  8180
  7910
  8010
  8385
  8085
  7925
  7915
  8495
  8170
  8210
  7950
  7785
  8125
  7760
  7905
  8420
  8065
  8325
  8385
  7885
  8190
  8465
  8215
  7960
  8125
  8155
  8325
  8080
  7875
  7925
  8345
  8375
  8230
  8010
  8220
  8525
  8485
  7995
  8265
  8350
  8065
  8530
  7900
  8115
  8205
  8020
  8180
  8095
  7815
  8350
  8225
  8020
  8215
  8075
  8315
  8535
  7955
  7855
  8070
  8390
  8150
  8285
  8475
  8170
  8345
  7930
  8375
  8185
  8195
  8185
  8015
  8095
  8455
  8360
  8265
  8105
  8545
  8550
  8260
  7985
  8290
  8260
  7945
  8050
  8205
  8415
  8240
  7985
  8120
  8625
  8320
  8430
  8090
  8390
  8325
  7990
  8025
  8255
  8525
  7965
  8200
  8075
  8355
  8035
  8245
  7985
  8255
  8235
  8115
  8255
  8015
  8000
  8680
  8185
  8240
  7705
  8055
  8120
  8225
  7720
  8030
  8445
  8475
  7995
  8080
  8135
  7885
  8230
  8075
  8095
  8435
  7820
  8115
  7925
  8195
  8655
  8270
  8025
  7980
  8375
  8475
  8240
  8060
  8370
  8215
  7995
  8300
  7950
  8245
  8220
  7950
  8220
  8355
  8105
  8175
  7865
  8070
  7820
  8295
  8070
  8300
  8745
  7920
  8010
  8355
  7955
  8015
  8195
  7990
