     0
 10355
 10545
 10260
 10600
 10540
 10665
 10530
 10625
 10510
 10130
 10310
 10610
 10190
 10695
 10185
 10280
 10120
 10590
 10175
 10485
 10735
 10135
 10225
 10200
 10550
 10195
 10090
 10045
 10395
 10220
 10335
 10055
 10340
 10275
 10500
  9915
  9970
 10305
 10360
 10050
 10195
 10195
 10490
 10290
 10405
 10570
 10070
 10130
  9950
 10835
 10065
 10340
 10440
 10285
 10450
 10545
 10190
 10395
 10120
 10675
 10345
 10680
 10765
 10410
 10205
  9920
 10220
 10425
 10480
  9965
 10145
 10285
 10200
 10040
 10185
 10215
  9935
 10085
 10335
 10330
 10155
  9820
 10160
  9920
  9715
  9785
  9935
  9745
 10150
 10260
 10080
 10460
 10405
 10200
  9865
 10065
  9915
 10030
  9635
  9635
  9785
 10105
 10125
 10050
 10240
  9940
 10145
 10240
  9915
  9980
  9770
 10180
 10300
  9960
 10030
  9440
  9715
  9535
  9845
  9495
 10155
  9775
 12835
 11685
 10955
 11790
 11530
 10135
 11040
 12105
 11475
 11580
 11615
 11590
 11830
 11415
 11320
 11050
 11080
 10895
 10860
 10890
 11545
 11205
 11055
 10825
 11600
 11165
 11125
 11340
 11830
 11590
 11195
 11135
 11135
 11535
 10480
 10770
 11105
 10295
 10515
 11630
 11155
 11370
 10550
  9830
  9460
  9890
  9970
 10175
  9485
  9220
  9480
 10030
 10870
 10965
 10775
 10705
 10425
 10430
 10145
  9820
  9565
  9495
  8570
  7520
  6875
  7440
  6905
  7835
  7255
  7580
  7460
  7480
  7140
  7610
  7365
  7535
  7130
 11725
 11265
 11555
 10835
 10300
 10330
  9820
  9920
 10015
  9865
 10110
  9825
  9480
  9800
  9405
  9745
  9925
  9635
  9965
 10395
  9875
  9985
 10200
  9670
 10130
  9870
  9440
  9690
  9485
  9910
  9970
  9770
  9320
  9985
  9505
  9485
  9660
  9540
  9805
  9275
  9950
  9455
  9925
  9535
 10100
  9615
 11660
 10000
  9955
 10150
  9090
  9735
  9510
  9855
  9810
  9990
  9915
 10035
  9785
  9790
  9925
 10390
  9980
  9980
  9555
  9760
  9745
  9880
  9595
  9485
  9795
 10140
  9620
 10260
  9775
  9655
  9770
  9695
 10160
  9745
  9970
 10040
  9865
 10125
  9640
  9845
 10070
  9840
  9975
  9920
  9865
  9670
  9460
  9920
 10240
 10105
  9835
  9580
  9850
  9485
  9890
  9905
  9840
  9945
  9815
  9740
  9775
  9850
  9850
 10050
  9925
  9910
  9815
  9800
  9850
  9655
  9990
  9920
  9785
  9805
  9770
  9705
  9645
  9855
 10015
  9690
  9790
 10020
  9590
  9660
  9660
  9670
 10010
  9905
  9815
  9565
 10235
  9760
  9645
  9485
  9955
 10115
 10080
  9810
  9675
  9905
  9700
  9550
 10220
 10115
  9860
  9950
  9770
  9795
  9975
  9530
  9975
 10185
  9630
  9580
 10010
  9990
  9995
  9730
  9985
 10070
 10045
 10020
  9900
  9830
  9755
 10275
  9795
 10160
  9715
  9955
  9930
  9785
  9740
 10110
  9510
  9875
  9810
  9865
 10250
  9630
  9875
  9630
  9975
  9870
  9870
  9740
  9685
 10095
 10030
 10155
  9815
  9340
  9800
  9605
  9765
 10005
  9815
  9890
  9855
  9770
 10000
 10090
  9840
  9350
  9695
 10070
  9900
  9990
  9790
  9650
  9615
  9750
  9995
  9835
 10050
  9775
  9650
  9800
  9870
  9990
  9820
  9715
  9965
  9780
  9650
  9495
  9825
 10160
  9760
  9740
  9420
  9715
  9580
  9940
  9915
 10200
  9925
  9965
  9955
 10040
  9915
 10275
  9955
 10075
  9755
  9190
 10030
 10005
  9980
  9870
 10025
  9835
 10055
 10065
  9800
  9740
  9665
  9585
  9905
 10130
  9795
  9865
 10120
 10030
  9865
  9600
  9725
  9650
  9780
  9890
  9955
  9580
  9960
  9830
  9650
  9945
  9760
  9505
  9510
  9740
  9900
 10215
  9650
  9875
  9785
  9715
  9625
  9990
  9850
  9815
  9960
 10200
  9885
  9650
  9680
  9870
  9805
  9615
  9990
  9520
  9830
  9680
  9575
  9775
  9810
  9630
  9175
  9480
  9660
  9120
 10535
 10030
  9560
  9895
  9680
  9685
  9875
  9960
  9600
  9505
  9625
  9750
  9775
 10105
  9875
 10025
 10010
 10280
  9900
 10060
  9600
  9725
  9560
  9810
  9985
 10045
  9875
 10065
  9960
 10440
 10040
  9460
  9590
  9785
  9750
  9635
  9395
  9605
  9555
  9020
  9590
  9070
  9960
  9690
 10180
 10320
 10075
  9785
  9855
 10035
  9885
  9705
  9395
  9925
  9700
 11100
  9885
 10200
 10475
  9885
  9585
 10055
 10165
  9950
 10650
  9805
 10215
 10475
 10260
  9335
 10705
 10005
  9610
 10785
 10045
 10095
 10120
  9975
 10375
 10835
 10880
  9240
  9625
 10140
 10160
  9935
 11790
 10185
 10175
 10550
  9950
 10045
  9945
  9840
  9960
 10860
 10220
 10185
 10380
  9985
 10055
 10160
 10245
 10205
 10115
 11075
 10765
 10070
 10640
 10905
 10365
  9895
  9860
 10625
 10130
 10935
  9620
  9575
 10120
 11425
 10200
  9850
  9850
 10465
  9950
  9715
 10020
 11230
 10095
 10395
 10670
 10885
 10615
  9450
 10075
  9920
 10535
 10520
  9535
  9835
 10835
 11440
  9255
  9565
  9730
  9080
  9745
 10175
  9460
 10000
 10315
 10000
 10620
  9200
 10230
 10125
 10585
  9075
 10380
 10075
  9210
 10450
 10275
 10540
 10230
 10230
 10980
 11220
 10335
 10885
  9805
 10855
  9335
  9650
 11430
  9440
 10210
 10300
 10415
  9695
 11375
 10705
 10670
  9280
 11085
 10265
 10180
 10990
 11555
 10890
 11840
 10300
  9490
  9640
  9375
  9970
  9775
 10390
 10135
  9720
  9865
 10235
 11320
 10960
  9960
 10620
 10830
 10170
  9815
  9750
 10750
 11300
 10700
 10670
 10505
 11675
  9210
 10130
  9775
 10245
 11060
 12405
 11755
 10725
 11765
 11080
 11060
 11990
 12605
 12330
  9820
 13060
 11185
 10025
  9140
 11210
 10390
  9760
 10005
 10470
  9780
  9885
 11230
 10315
 11075
  9320
 10455
 12220
 11095
 10585
  9975
  9800
 10395
  9755
 11445
 12405
 11675
 11380
 10315
 11635
 10305
 11070
 11555
 11790
 11495
 10735
 12100
 11970
 10415
 10615
 11675
 10655
 11440
 11425
 11495
 12265
 10540
 12355
 11075
 11290
 11425
 11025
 12475
  9910
  9595
 11860
 10220
 11175
  9285
  9925
 14880
 10355
  8850
  9380
  9995
  9655
  9965
  9760
 10155
 10205
  9350
  9340
 10055
 10380
  9795
 11170
 10270
 10975
  9625
 11420
 11650
 11035
 12240
 10890
 11420
 11385
 10445
 10930
 12005
 10330
  9420
  9630
 11145
 10735
 10305
 11560
 11945
 10300
 10695
 11040
 10700
 10685
 11770
 13335
 11230
  9905
 11025
 11345
 11670
 10420
 10670
 10905
  9420
 10500
 10785
 10705
 11180
 10165
 10610
 10000
 10070
 10505
 10610
 10210
 10345
 11160
 10205
  9785
  9865
 10230
 10205
 10220
 10810
  9685
 10540
 10745
  9970
 10230
 10940
 10470
 10090
  9470
  9920
 10480
 10000
 11055
 11340
  9935
  9610
  9930
 10110
 10365
  9835
 10455
  9885
 10335
 10590
 10495
 10390
  9620
 10150
 10670
 10525
 10375
  9655
 10895
 11065
  9585
 10055
 10425
 10715
 10075
 10515
 10215
  9945
  9780
 10170
 10465
 10505
 10360
 10145
  9895
 10515
 10140
 10305
 10340
 10480
 10315
 10500
 10230
  9750
  9830
 10000
 10000
 10090
 10255
 10355
 10570
  9640
  9825
 10265
  9990
 10435
 10250
 10205
 10615
 10400
 10085
 10045
 10555
 10295
 10370
 10240
 10085
 10105
 10475
 10280
 10360
 10405
 10310
  9755
 10280
 10420
 10300
 10000
 10250
 10245
 10605
 10520
  9890
 10080
 10525
 10405
 10230
 10240
 10200
 10870
 10120
 10585
 10250
 10435
 10390
 11275
 10270
 10290
 10515
 10720
 10040
 10310
 10980
 10225
 10340
 10245
 10745
 10305
 10075
 10375
 10375
 10280
 10455
 10405
 10015
 10280
 10330
 10490
  9885
 10695
 10265
 10400
 10315
  9890
 10375
 10665
 10240
 10345
 10570
 10500
 10275
 10535
 10565
 10475
 10150
 10640
 10880
  9965
 10720
 10150
 10505
 10085
 10075
 10235
 10480
 10385
 10630
 10720
 10345
 10500
 10080
 10280
 10370
 10685
 10335
 10230
 10450
 10330
 10760
 10390
 10355
 10400
 10170
 10245
 10225
 10700
  9970
 10405
 10395
 10465
 10325
 10390
 10775
 10330
 10260
 10365
 10145
 10185
 10345
 10145
  9900
 10425
 10610
 10100
 10590
 10215
 10470
 10110
 10300
 10785
 10330
 10570
 10455
  9985
 10165
 10425
 10470
 10355
 10170
 10125
 10170
 10265
  9920
 10265
 10370
 10140
 10215
 10220
 10965
 10225
 10375
 10490
 10060
 10740
 10110
 10305
 10330
 10230
 10830
 10540
 10075
 10020
  9835
 10025
 10645
 10525
 10540
 10275
 10045
 10340
 10420
 10865
 10495
 10175
 10430
 10420
  9870
 10415
 10100
 10270
 10070
 10170
 10270
 10405
 10170
 10040
 10245
 10100
 10380
 10500
 10305
 10390
  9885
 10210
 10410
 10135
 10100
  9925
 10500
 10255
 10105
 10710
 10330
 10375
 10200
 10240
 10245
 10670
 10470
 10770
 10150
 10555
 10340
 10725
 10780
 10140
 11035
 10340
 10505
 10420
 10940
 10850
 10540
  9890
  9980
 10430
 10470
 10505
 10040
 10425
 10520
 10150
 10050
 10675
 10445
 10155
 10560
 10240
 10260
 10245
 10095
 10610
 10305
 10030
 10235
 10485
 10030
 10405
 10420
 10305
 10140
  9840
 10205
 10160
  9960
 10250
 10415
 10055
 10245
 10405
 10225
 10175
 10120
 10285
 10460
 10545
 10400
 10465
 10105
 10070
 10460
 10245
 10280
 10600
 10435
 10150
 10205
 10325
 10305
 10590
 10685
 10195
 10255
 10400
 10275
 10420
 10125
 10410
 10215
 10000
 10445
 10290
 10465
 10260
 10475
 10195
 10465
 10085
 10200
 10565
 10260
 10185
 10475
 10405
 10430
 10155
 10445
 10140
 10610
 10235
 10350
 10165
 10375
 10140
 10350
 10595
 10500
  9795
 10130
 10425
 10520
 10300
 10200
 10295
 10435
 10510
 10375
 10405
 10490
  9920
 10255
 10345
 10225
 10305
  9935
 10600
 10480
 10180
 10075
 10420
 10090
 10045
 10205
 10350
 10845
 10810
 10415
 10160
 10520
  9980
 10370
 10730
 10215
 10600
 10430
 10195
 10360
 10430
 10620
 10545
 10675
 10630
 10280
 10600
 10820
 10115
 10360
 10880
 10270
 10125
 10590
 10410
 10205
 10220
 10345
 10140
 10355
 10460
 10340
 10300
 10500
 10120
 10290
 10450
 10120
 10540
 10485
 10220
 10490
 10310
 10020
 10055
 10260
 10175
 10175
 10325
  9965
 10445
 10645
 10175
 10515
 10240
 10270
 10445
 10375
 10285
 10190
 10155
 10270
 10655
 10450
 10670
 10295
 10030
 10370
 10465
 10350
  9905
  9805
 10245
 10210
 10145
 10175
 10385
 10410
 10570
  9980
  9920
 10185
 10220
 10430
 10215
  9940
 10005
 10200
 10350
 10365
 10365
 10275
 10330
 10455
 10480
 10300
 10415
 10365
 10180
 10120
 10075
 10295
 10385
 10175
 10065
 10135
 10590
 10230
 10175
 10170
 10500
 10205
  9850
 10375
 10250
 10460
 10025
 10140
 10335
 10165
 10010
 10370
 10295
 10000
 10310
 10500
 10165
 10365
 10530
  9970
 10460
 10045
 10005
 10165
 10165
  9725
 10115
 10290
 10230
 10400
 10305
  9855
 10380
 10205
 10325
 10240
 10090
  9830
 10185
 10245
 10135
  9990
 10115
 10135
  9985
 10590
 10215
 10345
 10890
 10070
 10345
 10385
 10095
 10535
 10370
 10260
 10470
 10325
 10470
 10580
 10100
 10365
 10155
 10150
 10360
 10400
 10395
  9775
  9895
 10620
 10295
 10295
 10650
 10490
 10035
 10345
 10585
 10615
 10135
 10085
 10585
 10180
 10150
 10605
 10485
 10325
 10190
 10210
 10230
 10325
 10375
 10395
 10460
 10830
 10505
 10190
 10510
 10190
 10505
 10060
 10305
 10260
 10285
 10255
 10215
 10330
 10120
 11000
 10185
 10390
 10235
 10300
 10310
 10265
 10420
 10650
 10050
 10380
 10695
 10125
 10340
 10330
  9975
 10420
 10160
 10415
 10330
  9920
 10275
 10620
 10305
 10160
 10120
 10250
 10420
 10335
 10135
 10390
 10185
 10160
 10480
  9920
 10050
 10365
 10375
 10260
 10550
 10115
 10300
 10480
 10090
 10005
 10535
 10330
 10400
 10265
 10290
 10265
 10475
 10460
 10155
 10260
 10425
 10615
 10275
 10265
 10310
 10770
 10120
 10365
 10370
 10455
 10325
 10350
 10580
 10105
 10500
  9905
 10500
  9995
 10370
 10130
 10420
 10395
 10350
 10660
 10495
 10220
  9690
 10265
 10005
 10490
 10415
 10185
 10845
 10230
 10115
 10620
 10240
 10510
 10365
 10350
 10385
 10170
 10390
 10265
 10275
 10370
 10545
 10135
 10210
 10455
 10200
 10125
 10520
 10005
 10210
 10165
  9990
 10600
 10375
 10435
 10105
 10310
 10350
 10420
 10605
 10275
  9970
 10325
 10105
 10055
 10145
  9970
 10545
 10280
 10665
 10610
 10300
 10360
 10230
 10390
 10435
 10000
 10555
 10375
 10495
  9900
 10390
 10085
 10415
 10280
 10375
 10320
 10395
 10755
 10135
 10455
 10115
 10510
 10255
 10165
 10250
 10070
 10400
 10335
 10490
 10220
 10450
 10505
 10395
 10140
 10355
 10120
 10165
 10395
 10490
 10405
 10185
 10120
 10350
 10385
 10355
 10160
 10590
 10340
  9840
 10345
 10105
 10280
 10015
 10520
 10165
 10435
 10465
 10065
 10225
 10180
 10575
 10110
 10155
 10025
 10395
 10495
 10070
 10030
 10250
  9885
  9990
 10125
 10115
 10230
 10560
 10365
 10340
 10820
 10305
 10190
 10525
 10280
 10335
 10410
 10420
  9950
 10300
 10460
 10115
 10135
 10275
 10380
 10315
 10430
 10305
 10055
 10330
 10240
 10445
 10170
 10680
 10165
 10525
 10125
 10575
 10750
 10315
 10270
 10330
 10495
 10300
 10280
 10480
 10295
 10160
 10085
 10170
 10245
 10165
 10140
 10420
  9770
 10610
 10200
 10340
 10300
 10140
 10240
 10550
 10215
 10480
 10455
 10190
 10265
 10310
 10180
 10350
 10575
 10215
 10060
 10280
 10390
 10125
 10620
 10140
 10455
 10045
 10480
 10470
 10420
 10510
 10310
 10370
 10165
 10565
 10150
 10320
 10585
  9965
 10310
 10350
 10295
 10320
 10090
  9935
 10405
 10140
 10190
 10185
 10165
 10105
 10270
 10245
 10190
 10435
 10200
 10505
 10175
 10320
 10455
 10150
  9945
  9995
 10225
 10120
 10230
 10205
 10830
 10370
 10470
 10065
 10640
  9830
 10195
 10295
 10190
  9985
 10235
  9900
 10220
 10120
 10320
 10025
 10570
 10440
 10060
 10305
 10110
 10280
 10150
 10270
 10285
 10215
 10325
 10170
 10350
 10435
 10370
 10280
 10220
 10105
 10090
 10375
 10345
 10240
 10250
 10305
  9955
  9975
 10740
 10185
 10090
 10530
 10045
 10115
 10625
 10445
 10230
  9955
 10095
 10305
 10290
 10070
 10490
 10120
 10055
 10325
 10275
 10370
 10785
 10590
 10365
 10180
  9850
 10200
 10345
 10045
 10035
 10120
 10010
 10645
 10385
 10715
 10755
 10660
 10350
 10405
 10290
 10205
 10270
 10250
 10335
 10505
 10165
 10115
 10510
 10155
 10160
 10195
 10365
 10445
 10345
 10360
 10355
 10245
 10255
 10460
 10075
 10275
  9870
 10265
 10220
 10055
 10540
 10325
 10055
 10550
 10485
 10190
 10005
 10365
 10445
 10320
 10140
 10400
 10100
 10330
 10080
 10145
  9980
 10110
  9895
 10040
 10385
 10545
 10120
 10520
 10455
 10325
 10350
 10390
 10350
 10315
 10180
 10560
  9885
 10220
 10070
  9840
  9975
 10190
 10510
 10470
 10610
 10255
 10410
 10345
 10490
 10015
 10400
 10110
 10805
 10000
 10145
 10420
 10050
 10915
 10175
 10330
 10375
  9945
 10350
 10510
 10540
 10870
 10205
 10170
 10450
 10365
 10450
 10225
 10190
 10515
 10245
 10380
 10295
 10210
 10460
 10280
 10310
 10325
 10195
 10095
 10245
  9985
 10235
 10370
 10465
 10075
 10350
 10270
 10420
 10045
 10325
 10415
 10010
 10190
 10080
 10225
 10230
  9600
 10365
  9900
 10275
 10355
 10420
 10185
 10445
 10380
 10370
 10415
  9985
 10425
 10390
 10150
 10190
  9935
 10075
 10140
 10435
 10140
 10220
 10635
 10210
  9980
 10460
 10370
 10625
 10240
 10290
 10285
 10710
 10495
 10060
 10220
 10175
 10190
 10055
 10515
 10280
 10180
 10115
 10250
 10540
 10245
 10140
 10440
 10515
 10070
 10285
 10280
 10305
 10320
 10595
 10210
 10090
  9960
 10540
 10470
 10415
 10310
 10105
 10170
 10235
 10030
 10225
 10460
 10125
 10150
 10510
 10335
 10005
 10050
 10345
 10410
 10315
 10095
  9985
 10220
  9975
 10015
 10050
 10145
 10155
 10295
 10645
 10550
 10185
 10425
 10340
 10380
 10330
 10165
 10200
 10195
 10340
 10425
 10230
 10240
 10425
 10355
 10395
 10420
 10360
  9850
 10540
 10050
 10360
 10195
 10385
  9955
 10325
 10135
 10270
 10315
 10250
 10295
 10180
 10190
 10265
 10040
 10065
 10230
 10035
 10115
 10510
 10195
 10120
 10295
 10200
 10500
 10070
  9965
 10380
 10280
 10245
 10105
  9970
 10115
 10255
  9880
 10460
 10345
 10055
 10115
 10375
 10260
 10015
 10370
 10045
 10330
 10520
 10415
 10370
 10090
  9975
 10380
 10235
 10370
 10245
 10170
 10285
 10270
 10245
 10435
 10485
 10435
 10355
 10020
 10145
 10235
 10570
 10070
 10120
  9985
 10260
 10595
 10045
 10365
 10005
 10130
 10795
 10110
 10035
 10495
 10520
 10150
 10210
 10150
 10085
 10615
 10050
 10445
  9965
 10210
 10670
 10065
 10575
 10385
 10370
 10195
  9985
 10375
 10535
 10370
 10095
 10210
 10465
 10215
  9945
 10410
 10190
 10065
 10530
 10340
 10150
 10525
 10560
 10225
 10345
 10105
 10240
  9905
  9930
 10545
 10260
 10520
 10570
 10115
  9955
 10165
 10570
 10625
 10125
 10060
 10460
 10235
  9775
 10480
 10385
 10365
 10525
 10165
 10255
 10490
 10235
 10145
  9975
 10590
 10105
 10470
 10565
  9855
 10160
 10125
 10430
 10270
  9775
  9570
  9900
 10205
 10120
 10350
 10365
 10235
 10325
 10225
 10365
  9980
 10325
 10420
 10075
 10285
 10210
 10025
 10035
 10420
  9790
 10155
 10625
 10505
 10185
 10220
 10230
 10310
 10445
 10120
 10185
 10600
 10200
 10145
  9910
 10100
  9965
 10165
 10360
 10370
 10125
 10430
 10040
 10440
 10235
 10375
 10200
 10340
 10140
 10625
 10180
  9790
 10065
 10265
 10320
 10165
 10655
 10230
 10350
 10025
 10140
 10180
 10715
 10280
 10170
 10185
 10440
 10005
  9990
 10390
 10425
 10555
 10340
 10175
 10235
 10280
 10230
 10275
 10360
 10520
 10270
 10085
 10115
 10130
 10450
 10165
 10420
 10460
 10045
 10495
 10505
 10200
 10050
 10350
 10165
 10645
 10465
 10095
 10170
 10035
 10355
 10320
  9935
  9920
 10680
 10535
 10360
 10460
 10170
 10030
  9860
 10245
 10205
 10180
 10535
  9995
 10210
 10015
 10545
 10345
 10085
 10140
 10190
 10000
 10040
 10215
 10555
 10045
 10200
 10380
 10380
 10425
 10270
  9785
 10420
 10465
 10200
 10425
 10290
  9770
 10080
 10045
 10255
 10250
 10700
  9995
 10625
 10225
 10275
 10265
 10090
 10065
 10185
  9750
 10205
 10140
 10050
 10565
 10420
 10145
  9990
 10195
 10140
  9600
 10370
 10050
 10120
  9965
 10475
 10385
 10190
 10130
 10220
 10460
 10110
 10315
 10305
 10505
 10565
  9935
 10420
 10410
  9830
 10160
  9805
 10190
 10205
 10160
 10195
 10570
 10095
 10150
 10280
 10150
 10160
 10235
 10395
  9980
 10215
 10130
 10400
 10335
 10075
 10400
 10735
 10325
 10270
 10165
 10430
  9860
 10305
  9955
  9675
 10330
 10235
 10745
 10225
  9925
 10075
 10090
  9955
 10050
 10390
 10350
 10435
 10305
 10820
 10075
 10205
 10290
 10625
 10270
 10155
 10330
 10365
 10200
 10360
 10400
 10410
 10270
 10360
  9870
 10590
 10335
 10280
 10330
 10410
  9975
 10185
 10435
  9940
  9980
 10190
 10280
 10310
 10595
 10120
 10270
 10335
 10280
 10430
 10195
 10160
 10075
 10295
 10445
  9980
 10500
 10550
 10690
 10525
 10150
  9895
  9845
 10395
 10385
 10155
 10185
 10060
  9810
 10235
 10350
 10135
 10255
 10260
 10180
 10170
 10350
 10420
 10415
 10540
 10135
 10435
 10200
 10620
 10580
 10455
 10205
 10265
 10295
 10220
 10205
 10205
 10160
 10400
 10320
 10145
 10200
 10135
 10280
 10565
 10115
 10295
 10630
  9910
 10300
 10615
 10625
 10535
 10220
 10335
 10565
 10315
  9885
 10310
 10210
 10240
 10620
 10405
 10240
 10485
 10450
 10240
 10005
 10415
 10060
 10445
 10240
 10485
 10185
 10320
 10685
  9910
 10335
 10440
 10350
 10415
 10230
 10070
 10020
 10210
 10270
 10220
 10570
 10200
 10325
 10080
 10185
  9900
 10235
 10445
 10495
 10360
 10585
 10475
 10280
 10245
 10500
 10195
 10365
 10480
 10350
 10600
 10355
 10225
 10015
  9810
  9950
 10260
 10320
 10360
 10280
  9900
 10140
 10445
 10445
 10400
 10175
 10345
 10215
  9960
 10340
 10155
 10205
  9885
 10425
 10395
 10490
 10005
 10580
 10375
 10645
 10345
 10375
 10450
 10580
 10290
 10550
 10190
 10275
 10315
 10410
 10270
 10170
 10115
 10380
 10275
  9990
 10175
 10075
 10690
 10415
 10235
 10310
 10245
 10315
 10380
 10355
 10325
 10325
 10675
 10010
 10160
 10245
 10225
 10125
 10500
 10235
 10335
 10200
 10465
 10210
 10560
 10165
 10320
 10400
 10095
 10475
 10415
 10190
 10670
 10275
 10130
 10460
 10315
 10155
 10435
 10195
 10165
  9985
 10265
 10205
 10270
 10435
  9930
 10340
 10165
 10395
 10260
 10275
 10110
 10030
 10245
  9945
 10445
 10355
 10740
 10365
 10195
 10250
 10270
 10580
 10320
 10370
 10225
 10125
 10385
  9870
 10285
 10485
 10485
 10200
 10015
 10575
 10305
 10045
 10120
 10580
 10095
 10450
 10210
 10360
 10810
  9945
  9905
 10310
 10085
 10190
  9890
 10165
 10215
 10235
 10555
 10310
 10330
 10330
 10330
 10630
 10350
 10070
 10215
  9880
 10250
 10460
 10450
 10370
 10065
 10300
 10385
 10205
 10210
 10280
 10355
  9925
 10360
 10820
 10340
 10445
 10290
 10440
 10760
 10245
 10120
 10070
 10135
 10360
 10470
 10390
 10330
 10515
  9860
 10605
 10130
 10675
 10055
 10705
 10500
  9905
 10370
 10140
  9985
 10040
 10515
 10240
 10145
 10240
 10095
 10640
 10520
 10320
  9995
 10005
 10475
 10130
  9910
 10035
 10485
 10430
 10445
 10345
 10285
 10010
 10340
 10110
 10155
 10420
 10415
 10475
 10270
  9970
  9815
 10070
 10105
 10245
 10215
  9980
 10625
 10255
 10385
 10440
 10265
 10190
 10475
 10490
 10505
 10295
 10140
 10145
 10200
  9985
  9880
 10080
  9925
 10145
 10555
 10435
 10425
 10480
 10315
 10180
 10130
 10140
 10095
 10160
 10200
 10535
 10365
 10595
 10170
 10240
 10255
 10230
 10210
 10350
 10430
 10545
 10400
 10335
 10370
 10620
 10365
 10220
  9755
 10335
 10325
 10130
 10220
 10785
 10175
 10110
 10570
 10115
 10085
 10425
 10195
 10100
 10355
 10385
 10500
 10390
 10355
 10175
 10120
  9825
 10810
 10130
 10785
 10210
 10170
 10600
  9970
 10390
 10560
 10420
 10230
 10140
 10650
 10280
 10420
  9920
 10225
 10290
 10345
 10435
 10445
  9760
 10205
 10300
 10440
  9790
 10520
 10255
 10415
 10220
 10025
 10295
 10320
  9940
 10150
 10120
 10205
 10260
 10320
 10460
  9980
 10345
 10340
 10130
 10115
 10210
 10570
 10265
 10210
 10115
 10190
 10420
 10290
 10220
 10335
 10240
 10275
  9760
 10025
 10180
 10795
 10450
 10060
 10230
 10190
 10625
 10525
  9880
 10260
 10145
  9985
 10615
 10145
 10375
 10055
 10375
 10295
 10285
 10605
 10180
 10220
 10390
 10260
 10295
 10095
 10470
 10290
 10410
 10265
 10475
 10575
 10520
 10275
 10285
 10455
 10020
 10405
 10240
  9965
 10250
 10110
 10360
 10210
 10170
 10195
 10260
 11070
 10275
 10460
 10220
 10250
 10200
 10150
 10580
 10470
 10520
 10230
 10425
 10090
 10115
 10270
 10390
 10420
 10200
 10275
 10415
 10435
 10265
 10380
 10110
 10230
 10445
 10375
 10060
 10385
 10100
 10260
 10260
 10250
 10615
 10410
 10460
 10180
 10100
 10545
  9990
 10085
 10195
 10520
 10300
 10455
 10555
 10320
  9975
 10385
 10405
 10560
 10515
 10260
 10685
 10475
 10370
 10300
 10380
 10520
 10650
 10450
 10060
 10250
 10285
 10250
 10050
 10240
 10180
 10255
 10055
 10320
 10480
 10110
 10200
 10115
 10530
 10510
 10265
 10275
 10175
 10270
 10260
 10530
 10285
 10410
 10005
 10050
  9950
 10235
 10300
 10175
 10355
 10455
 10640
 10190
 10720
 10315
 10565
 10020
 10115
 10220
 10290
 10460
 10400
 10525
 10455
 10650
 10445
 10670
 10250
 10215
 10190
 10110
 10085
 10240
 10555
 10235
 10425
 10655
 10390
 10005
 10330
 10330
 10200
 10060
 10405
 10155
 10490
 10520
 10315
 10470
 10235
 10255
 10405
 10270
 10225
 10275
 10175
 10230
 10180
 10140
 10490
 10120
 10010
 10345
 10040
 10215
 10165
 10245
 10255
 10370
 10175
 10275
 10145
 10260
 10425
 10175
 10320
 10320
 10235
 10060
 10100
 10205
 10515
 10215
 10055
 10250
 10120
 10185
 10370
 10485
 10645
 10305
 10240
 10630
 10305
 10265
  9940
 10345
 10320
 10225
 10725
 10300
 10330
 10425
 10530
 10215
 10055
 10520
 10290
 10485
 10310
 10350
 10025
 10420
  9705
 10575
 10225
 10845
 10070
 10515
  9905
 10100
 10425
 10270
  9885
 10440
 10460
 10195
 10220
 10285
 10205
 10520
 10045
 10505
 10465
 10270
 10205
 10395
 10530
 10200
 10095
 10245
 10275
 10035
 10445
 10155
  9990
 10420
 10300
 10330
 10485
 10310
 10285
 10755
 10185
 10545
 10255
 10460
 10350
 10210
 10515
 10395
 10410
 10440
 10390
 10070
 10225
 10320
 10415
 10260
 10510
 10020
 10205
 10455
 10260
 10390
 10130
 10145
 10240
 10460
 10160
 10215
 10275
 10110
 10490
 10235
 10305
 10315
 10285
 10385
 10445
  9980
 10490
 10155
  9930
 10210
 10115
 10260
 10200
 10220
 10605
 10290
 10140
 10285
 10460
 10290
 10170
 10560
 10225
 10260
 10415
 10720
 10600
 10315
  9890
 10320
 10240
 10430
 10300
 10130
 10470
  9955
  9750
 10230
 10205
  9975
 10390
 10010
 10085
 10440
 10145
 10320
 10295
 10490
 10345
 10355
 10455
 10075
 10240
 10275
 10560
 10260
 10020
 10140
 10225
 10485
 10160
 10275
 10285
 10335
 10150
 10535
 10090
 10420
 10060
  9960
 10155
 10260
 10370
 10635
 10600
 10200
 10355
 10270
 10085
 10530
 10385
 10090
 10640
 10300
 10255
 10050
 10560
 10620
 10310
 10325
 10235
 10340
 10165
  9750
 10295
 10240
 10515
 10470
 10060
 10110
 10420
  9865
 10410
 10285
 10435
  9790
 10405
 10550
 10520
 10350
 10100
 10190
 10185
  9935
 10135
 10585
 10240
 10535
  9950
 10185
 10270
 10405
 10125
 10095
 10490
 10205
  9645
 10560
 10470
 10395
 10085
 10165
 10100
 10220
 10340
 10200
 10250
 10120
 10100
 10195
 10255
 10585
 10400
 10285
 10230
  9985
 10170
  9990
 10280
 10550
  9965
 10375
 10190
 10045
 10005
 10415
 10645
 10390
 10335
 10200
 10490
  9945
 10185
  9795
 10365
 10170
 10125
 10055
 10595
 10355
 10275
 10305
 10220
 10025
 10315
 10330
  9990
 10585
 10485
 10425
 10200
 10270
 10215
 10525
  9660
 10455
 10395
  9915
 10410
 10645
 10015
 10320
 10350
 10130
 10300
 10210
 10240
 10115
 10685
 10560
 10315
 10085
 10340
 10260
 10545
 10630
 10510
 10520
 10465
 10435
 10670
 10155
 10575
 10675
 10725
 10185
 10450
 10120
  9685
 10415
 10440
 10235
 10195
 10470
 10320
 10695
 10115
 10435
 10375
 10060
 10100
 10065
 10220
 10510
 10470
 10140
 10505
  9910
 10530
 10130
 10205
 10425
  9735
 10410
 10690
  9965
 10200
 10510
 10530
 10095
 10445
 10255
 10015
 10230
 10365
 10100
 10265
 10475
 10085
 10250
 10260
 10600
 10355
 10205
 10490
 10230
 10340
 10360
 10635
 10005
 10515
 10370
 10280
  9920
 10015
 10040
 10270
 10325
 10540
 10090
 10420
 10530
 10210
 10110
 10215
 10260
 10570
 10485
 10300
 10245
 10025
 10320
 10405
  9885
 10350
 10100
 10275
 10330
 10350
 10095
 10560
  9875
 10385
 10095
  9945
 10545
 10210
 10305
 10475
 10190
 10235
 10245
 10340
 10260
 10265
 10325
 10305
 10230
 10610
 10485
 10355
 10380
 10085
 10365
 10245
 10005
 10480
 10495
 10400
 10200
 10530
 10220
 10200
  9990
 10190
 10410
 10070
 10430
 10595
 10240
 10120
 10400
 10260
 10200
 10285
 10245
 10555
 10440
 10400
 10040
 10120
 10385
 10365
 10285
 10145
 10385
 10090
 10385
 10510
 10375
 10315
 10510
 10525
 10130
 10490
 10250
 10495
 10285
  9930
 10275
 10395
 10170
 10335
  9925
 10170
 10335
 10280
 10120
 10155
  9940
 10060
 10615
 10045
 10255
 10350
 10460
 10355
  9950
 10475
 10135
 10305
 10265
 10395
 10065
 10495
 10050
 10385
 10510
 10140
 10240
 10125
 10465
 10195
 10170
 10100
 10445
 10345
  9985
 10305
 10085
 10005
 10090
 10355
 10110
 10440
 10740
 10325
 10420
 10515
 10415
 10190
  9960
 10335
  9995
  9810
 10010
 10375
  9985
 10490
 10350
 10200
 10150
 10205
 10460
 10385
 10380
 10740
 10275
 10515
 10175
 10655
 10035
 10345
 10385
 10030
 10080
 10075
  9895
 10310
 10110
 10300
 10205
 10360
 10820
 10220
 10725
 10535
  9920
 10125
 10465
 10315
 10105
 10300
 10080
 10375
 10285
 10280
 10270
 10525
 10250
 10485
 10425
 10775
 10190
 10130
 10440
  9910
 10060
 10165
 10730
 10200
 10215
 10520
 10365
 10485
 10060
  9960
 10240
 10220
 10050
 10110
 10350
 10345
  9880
 10470
 10245
  9845
  9950
  9975
 10440
 10435
 10615
 10005
 10140
 10335
 10355
 10315
 10170
 10435
 10170
 10375
 10125
 10165
 10180
 10575
 10250
 10170
 10350
  9830
 10250
 10085
 10050
 10595
 10410
  9950
 10395
 10010
 10085
 10460
 10280
 10135
 10245
 10375
 10140
 10200
 10215
 10350
 10220
 10145
 10160
 10575
  9845
 10330
 10330
 10310
 10240
 10175
 10090
 10680
 10045
 10480
 10225
 10220
 10425
 10090
 10435
 10305
 10015
 10285
 10305
 10055
 10715
 10270
 10140
  9895
 10155
 10815
 10165
 10405
 10155
  9850
 10615
 10490
 10080
 10245
 10275
 10605
 10215
 10360
 10130
 10145
 10260
 10125
 10170
 10155
 10205
 10105
 10425
  9965
 10255
 10355
 10370
 10485
 10355
 10165
 10345
 10110
 10160
 10265
 10040
 10390
 10530
 10350
 10220
 10715
 10255
 10380
 10315
 10065
 10275
 10015
 10055
 10340
 10240
 10250
 10285
 10365
 10130
 10440
 10530
 10405
 10130
 10220
 10785
 10395
 10295
 10180
 10630
 10350
 10440
 10435
 10110
 10360
 10055
 10760
 10175
  9890
 10295
 10455
 10200
 10355
 10245
 10185
 10445
 10405
 10500
 10000
  9785
 10320
 10225
 10045
 10525
 10650
 10680
 10310
 10010
 10345
 10580
 10365
 10140
  9990
 10245
 10385
  9880
 10415
 10680
  9980
 10220
  9935
 10060
 10370
 10455
 10030
 10390
 10125
 10335
 10520
 10370
 10155
 10280
 10080
 10315
 10410
 10440
 10205
 10270
 10550
 10335
 10220
 10565
 10310
 10165
 10065
 10405
 10630
 10055
 10490
 10190
  9980
 10145
 10315
 10155
 10465
 10345
 10300
 10580
 10135
 10395
 10335
 10435
 10570
 10295
 10090
 10215
 10320
 10635
 10260
 10215
 10540
 10225
 10280
 10260
 10350
 10080
 10510
 10670
 10160
 10400
 10335
 10295
 10495
 10185
 10475
 10300
 10320
  9910
 10680
 10350
 10135
 10435
 10420
 10305
 10155
 10215
 10200
 10150
 10190
 10440
 10290
 10415
 10520
 10070
 10630
 10290
 10590
 10195
 10545
 10230
 10100
 10350
 10550
 10610
 10680
 10310
 10205
 10180
 10510
 10110
 10345
 10400
 10315
 10465
 10170
 10250
 10305
 10310
 10290
 10105
 10355
 10030
 10315
  9890
 10145
 10420
 10045
 10175
 10425
 10235
 10265
 10035
 10495
  9975
 10290
 10265
 10365
 10330
 10200
 10740
 10750
 10320
 10180
 10370
 10300
 10340
 10175
 10545
 10465
  9900
 10290
 10365
 10160
 10180
 10180
 10630
 10210
 10430
 10500
 10460
 10055
 10850
 10420
 10360
 10120
 10210
 10105
 10310
 10260
 10345
  9980
 10275
 10290
 10250
 10245
 10450
 10475
 10045
 10270
 10365
 10195
 10480
 10085
 10365
 10360
  9990
 10230
 10000
 10250
 10275
 10435
 10475
 10395
 10245
 10410
 10550
 10330
 10245
 10310
 10325
 10110
 10480
 10470
 10245
 10240
 10390
 10215
 10415
 10425
 10590
 10165
 10555
 10465
 10160
 10220
  9955
 10275
 10190
 10295
 10710
 10110
 10535
 10400
 10350
  9915
 10070
 10080
 10290
 10190
 10080
 10040
 10295
 10410
 10065
 10075
 10550
 10370
 10130
 10440
 10355
  9835
 10790
 10210
 10180
 10265
 10455
 10065
  9880
 10430
 10515
 10825
 10180
 10430
 10405
 10270
 10325
 10530
 10370
 10075
 10220
 10195
 10120
 10210
 10275
 10135
 10500
 10360
 10160
 10155
 10295
 10270
 10855
 10355
 10185
 10075
 10350
 10635
 10030
 10270
 10460
 10320
 10295
 10775
 10220
 10480
 10055
 10230
  9870
 10335
 10530
 10235
 10350
 10475
  9975
 10250
 10315
 10085
 10180
 10205
 10390
 10480
 10645
 10340
 10250
 10200
 10080
 10510
 10150
 10365
  9980
 10200
 10430
 10075
 10260
 10420
 10735
 10095
 10345
 10095
 10285
 10585
 10380
 10015
 10260
 10335
 10205
 10150
 10115
 10545
 10230
 10480
 10140
  9975
 10255
 10460
 10185
 10245
 10155
 10485
 10035
 10320
 10305
 10325
 10460
 10470
 10315
 10440
 10185
 10220
 10430
 10300
 10495
 10105
 10490
 10465
 10055
  9840
 10385
 10410
 10215
 10625
 10385
 10010
 10680
 10235
 10215
 10415
 10365
  9975
 10120
 10250
 10335
 10300
 10415
 10435
 10145
 10565
 10255
 10190
 10410
 10465
 10610
 10300
 10425
 10025
 10470
 10355
 10250
 10205
 10175
 10280
 10120
 10480
 10285
 10645
 10235
 10370
 10430
 10625
 10275
 10010
 10205
 10665
 10405
 10470
 10455
 10020
 10275
 10385
 10180
 10580
 10550
 10545
 10365
 10450
 10015
 10295
 10450
 10110
 10095
 10270
 10330
 10230
 10140
 10325
 10400
 10225
 10250
 10525
 10045
 10270
 10225
 10270
 10220
 10605
 10295
 10110
 10360
 10430
 10660
 10625
 10145
 10315
 10305
 10275
  9875
 10425
 10225
 10335
 10095
 10490
 10470
 10225
 10155
 10235
 10265
 10050
 10065
 10130
 10345
 10510
 10315
 10290
 10100
 10230
 10505
 10575
 10185
 10240
 10190
 10495
 10180
 10510
 10060
 10425
 10580
 10255
 10375
 10205
 10590
 10250
 10335
 10335
 10130
 10405
 10380
  9970
 10450
 10430
 10650
 10320
 10520
 10580
 10430
 10180
 10075
 10430
 10270
 10250
 10070
 10610
 10190
 10120
 10280
 10305
 10135
 10545
  9995
 10200
 10640
  9995
 10245
 10420
 10320
 10410
  9945
 10115
 10430
 10130
 10300
  9945
 10365
 10370
 10285
 10050
 10210
  9980
 10180
 10450
 10320
 10120
 10280
 10275
 10285
 10580
 10200
 10100
 10565
 10360
 10210
 10135
 10185
 10360
  9920
 10335
 10205
 10345
 10035
 10380
 10330
 10305
 10235
 10240
 10510
 10190
 10445
 10280
 10635
 10400
 10025
 10475
 10620
 10360
 10260
 10390
 10065
 10200
 10195
 10215
 10260
 10775
 10500
 10340
 10465
 10590
 10485
 10590
 10280
 10245
 10045
 10005
 10135
 10135
 10185
 10450
 10185
 10135
 10100
 10305
 10005
 10440
 10170
 10455
 10535
 10520
 10480
 10125
 10475
 10160
 10190
 10125
 10195
 10400
 10245
 10215
 10430
 10200
 10310
 10420
 10260
 10160
 10500
 10455
 10035
 10245
  9900
 10455
 10260
 10045
 10375
 10180
 10485
 10230
 10335
 10215
 10070
 10275
 10530
 10000
 10245
 10285
 10460
 10275
 10345
 10180
 10450
 10320
  9885
 10610
 10120
 10145
 10040
 10510
 10225
 10475
 10210
 10215
 10430
 10395
 10205
 10380
 10440
 10390
 10130
 10205
 10225
 10235
 10135
 10195
 10430
 10720
 10495
 10415
 10365
 10345
 10435
 10420
 10190
 10410
 10355
 10435
 10305
 10360
 10150
 10215
 10105
 10460
 10010
 10380
 10370
 10135
 10535
 10280
 10155
 10130
 10305
 10000
 10275
 10440
 10465
 10285
 10235
  9960
 10360
 10690
 10185
 10330
 10310
 10350
 10185
 10425
 10190
 10385
 10675
 10615
 10810
 10230
 10300
 10245
 10395
 10005
 10545
 10385
 10455
 10430
 10310
 10245
 10075
 10295
 10370
 10355
 10020
 10020
 10165
 10685
 10155
 10585
 10270
 10490
 10320
 10475
 10440
 10580
 10265
 10280
 10235
 10370
 10250
 10440
 10485
 10260
 10120
 10195
 10615
 10200
 10045
 10300
 10690
 10515
 10265
 10540
 10240
 10320
 10370
 10090
 10255
 10255
 10040
 10250
 10250
 10435
 10115
  9865
  9935
 10395
 10505
 10425
 10235
  9815
 10225
 10160
 10160
 10185
 10115
 10460
 10385
 10005
 10185
 10400
 10215
 10100
 10190
 10130
 10300
 10285
 10365
 10305
 10410
 10360
 10240
  9890
 10475
 10000
  9730
 10505
 10295
 10395
 10070
 10280
 10280
 10385
 10150
 10540
 10285
 10665
 10185
 10300
 10220
 10275
 10340
 10220
 10270
 10630
 10520
  9885
 10015
 10460
 10080
 10490
 10700
 10150
 10205
 10020
 10220
  9905
  9965
 10080
 10255
 10240
 10570
  9910
 10140
 10095
 10535
 10100
 10305
 10210
 10200
 10605
 10450
 10665
 10200
 10420
 10145
 10030
 10405
 10030
 10250
 10625
 10140
 10295
 10125
  9915
 10395
 10125
 10445
 10435
 10075
 10160
 10270
 10405
 10185
 10305
 10590
 10295
 10515
 10630
 10115
 10190
 10270
 10450
  9715
  9745
  9975
 10600
 10235
 10400
 10285
 10495
 10375
 10140
 10270
 10415
  9890
  9940
 10330
 10530
 10285
 10500
 10530
 10430
 10315
 10355
  9895
 10275
 10020
 10420
 10085
 10410
 10330
 10150
 10745
 10610
 10135
 10600
 10685
 10575
 10185
 10240
 10335
 10195
 10425
  9910
  9885
 10020
 10415
 10340
 10215
 10480
 10160
 10250
 10235
 10275
 10145
 10265
 10000
 10210
 10520
 10500
 10320
 10210
 10475
 10795
 10490
 10070
 10085
 10220
 10210
 10190
 10625
 10090
 10145
 10235
 10375
 10250
 10270
 10040
 10155
 10170
 10025
  9885
 10475
 10275
 10820
 10450
 10230
 10610
 10410
 10315
 10195
 10315
 10170
 10560
 10100
 10075
 10505
 10490
 10170
 10285
 10090
 10265
 10290
 10375
 10590
 10225
 10185
 10500
 10365
 10215
 10395
 10155
 10065
 10495
 10345
 10585
 10205
 10150
  9810
 10450
 10385
 10385
 10420
 10340
 10365
 10515
 10300
 10095
 10585
 10505
 10640
 10125
 10175
 10115
 10120
 10375
 10310
  9915
 10630
 10305
 10320
 10055
 10595
 10440
  9910
 10080
 10400
 10150
 10270
 10120
 10025
 10025
 10520
 10175
 10135
 10405
 10210
 10250
 10430
 10365
 10450
  9950
 10255
 10095
 10605
 10240
 10615
 10285
 10235
  9920
 10065
  9945
 10020
 10280
 10135
 10470
  9800
 10295
 10300
 10095
 10425
 10125
 10625
 10395
 10285
 10340
 10690
 10165
 10315
 10225
 10290
 10230
 10120
 10105
 10540
 10265
 10260
 10270
 10325
 10610
 10205
 10455
 10130
 10385
 10480
 10265
 10005
 10255
 10220
 10165
 10135
 10305
 10150
 10095
 10525
 10435
 10235
 10000
 10455
 10340
 10170
 10395
 10220
 10105
 10250
 10345
 10125
 10205
 10025
 10260
 10135
 10300
 10120
 10345
 10335
 10205
 10335
 10080
 10535
 10435
 10075
 10385
 10475
 10265
 10215
 10495
 10395
 10560
  9910
 10210
 10490
 10090
 10240
 10180
 10085
 10510
 10505
 10325
 10070
 10140
 10320
 10300
 10000
 10845
 10300
 10310
 10225
 10240
 10250
 10285
 10170
 10160
  9840
 10585
 10040
 10200
 10275
 10205
 10425
 10390
 10530
  9860
 10500
  9905
 10175
 10035
 10395
 10390
 10300
  9920
 10620
 10390
 10170
 10140
  9780
  9865
 10385
  9990
 10625
 10450
 10475
 10275
 10330
 10170
 10515
 10365
 10070
 10040
 10140
 10795
 10405
 10320
 10460
 10030
 10635
 10300
 10220
 10235
 10080
 10275
 10230
 10335
 10235
 10310
 10565
 10200
 10320
 10900
 10390
  9830
 10505
 10280
 10635
 10325
 10255
 10035
  9735
 10160
 10500
 10330
 10415
 10130
 10285
 10305
 10035
 10340
 10200
 10635
 10750
 10180
 10395
  9905
 10370
 10045
 10190
 10345
 10260
 10500
 10415
 10245
 10345
 10020
 10230
 10290
 10015
 10190
 10275
 10365
 10070
 10470
 10375
 10445
 10330
 10375
 10400
  9890
 10490
 10220
 10235
 10305
 10315
 10440
 10440
 10485
 10340
 10210
 10000
 10060
 10405
 10330
 10150
 10165
 10135
 10120
 10285
 10125
 10060
 10485
 10100
 10250
 10310
 10085
 10435
  9880
 10670
 10105
  9960
 10250
 10155
 10390
 10350
 10490
 10160
 10180
 10135
 10360
 10545
 10300
 10275
 10370
 10355
 10125
 10420
 10460
  9970
 10365
 10135
 10155
 10265
 10270
 10435
 10255
 10190
 10210
 10225
 10455
 10325
 10040
 10330
 10635
  9975
 10140
  9995
 10330
 10325
 10245
 10355
 10155
 10665
 10345
 10130
 10490
 10435
 10275
 10195
 10215
 10130
 10110
 10245
 10430
 10445
 10165
 10410
 10280
 10175
 10730
 10195
 10425
 10625
 10315
 10290
 10035
 10265
 10250
 10110
 10430
 10285
 10500
 10295
 10250
 10480
 10090
 10635
 10300
 10205
 10010
 10160
 10095
 10360
 10405
 10120
 10410
 10220
 10290
 10480
 10615
 10350
 10210
 10425
 10360
 10070
 10040
 10205
 10410
 10380
 10310
 10445
 10575
 10560
 10290
 10545
 10275
 10345
  9885
 10320
 10375
 10320
  9970
 10215
 10345
 10270
 10225
 10310
 10480
 10220
 10405
 10405
 10715
 10215
 10600
 10470
 10115
 10120
 10180
 10140
 10265
 10390
 10105
 10120
 10225
 10485
 10285
 10135
 10130
 10155
  9715
 10250
  9885
 10575
 10210
 10110
 10030
 10390
 10240
 10100
  9795
 10725
 10215
 10300
 10285
 10395
 10410
 10205
 10130
 10265
 10310
 10150
 10105
 10275
 10145
 10615
 10445
 10020
 10170
 10265
  9835
 10170
 10125
 10320
 10710
 10445
 10250
 10160
 10080
 10380
 10200
 10045
 10350
 10235
 10195
 10410
 10115
  9795
 10460
 10435
 10280
 10470
 10000
 10020
 10215
 10065
 10570
 10445
 10370
 10275
 10055
 10055
 10430
 10120
 10180
 10385
 10020
 10410
 10440
 10225
 10350
 10530
  9960
  9830
 10580
  9930
 10355
 10350
 10170
 10005
 10395
 10135
 10310
 10175
 10310
 10500
 10295
 10100
 10040
 10220
 10460
 10220
 10430
 10175
 10150
 10315
 10315
 10430
 10270
 10205
 10480
 10565
 10250
 10320
 10430
 10585
 10260
 10985
 10260
 10305
 10310
 10570
 10365
 10225
 10465
 10575
 10400
 10300
 10190
 10105
 10110
 10435
  9900
 10415
  9985
 10390
 10440
 10210
 10360
 10120
 10405
  9940
  9660
 10100
  9810
  9825
 10000
 10065
  9770
 10245
 10010
 10110
  9995
  9605
  9945
 10185
 10005
 10000
 10340
  9870
 10460
  9940
  9720
 10215
  9885
  9945
 10435
  9865
  9875
  9975
 10240
 10345
 10420
  9855
 10020
  9910
  9920
 10705
  9720
 10095
  9640
  9810
  9850
  9220
  9450
  9565
  9425
 10165
  9730
 10560
 10755
 10040
  9835
 10865
  9715
  9450
  9820
 10225
  9990
  9945
 10135
 10300
 10225
 10295
  9870
  9700
  9855
  9915
  9760
  9995
  9805
  9735
  9560
 10035
 12395
 10595
 10465
  9980
 10700
  9355
 10545
 10145
 10020
  9730
  9830
  9490
  9545
  9540
  9720
  9925
 10095
  9950
  9745
 10015
  9530
  9925
  9820
 10095
 10110
 10155
 10305
 10040
 10020
  9535
 10130
 10090
 10330
 10145
  9990
 10175
 10345
 10210
 10110
 10265
 10180
  9810
 10190
 10045
  9890
 10060
  9585
  9815
 10205
 10305
  9915
 10100
 10390
 11090
 10170
 10110
 10365
 10160
 10210
  9970
 10050
 10130
 10575
 10110
 10275
  9950
 10455
  9975
 10170
 10160
  9635
  9690
  9540
  9495
  9765
  9520
  9710
  9920
  9690
  9460
 10120
  9725
  9675
  9975
 10165
  9655
  9930
  9615
 10015
 10265
 11055
 10440
  9275
 10010
 10435
  9895
 10385
 10355
 10055
  9830
 10115
 10170
 10605
 10435
 10215
 10250
 10120
 10050
 10510
 10535
 10115
  9820
 10360
 10325
 10540
 10595
  9890
 10110
 10435
 10090
 10490
 10705
 10305
 10200
 10290
 10395
 10170
 10410
 10655
 10510
 10165
 10025
 10365
 10475
 10455
 10390
 10290
 10245
 10215
  9895
 10240
 10330
 10440
 10435
 10340
 10485
 10175
 10255
 10365
 10175
 10050
 10205
 10185
 10195
 10125
  9955
 10030
 10370
 10285
 10540
 10235
 10190
 10240
  9920
 10150
 10170
 10355
 10260
 10560
  9930
 10040
  9985
  9855
  9560
  9955
 10030
 10420
  9500
  9510
  9595
  9450
 10110
  9440
  9885
  9685
 10150
  9415
  9640
 10275
  9925
  9730
  9650
 10065
 10255
 10165
  9775
  9910
  9985
  9585
  9660
  9700
  9665
  9840
  9660
  9850
  9515
  9710
 10110
  9825
  9820
 10365
 10110
  9555
  9840
  9920
 10140
  9805
 10105
  9870
  9715
 10080
  9955
 10245
 10790
 10060
  9420
 10070
 10245
 10150
 10280
 10360
 10410
 10300
 10060
 10275
 10365
 10830
 10645
 10120
  9950
 10060
 10150
  9940
 10595
 10380
  9830
 10090
 10080
 10360
 10105
 10060
  9905
 10000
 10185
 10610
  9640
 10065
 10095
 10050
  9995
  9695
 10080
 10235
 10195
 10500
 10510
 11180
 10125
 10085
 10585
 10295
 10700
 10240
 10520
 10340
 10145
 10280
 10260
 10270
 10135
 10755
  9875
 10020
 10080
 10005
 10290
 10405
 10270
 10100
 10435
 10360
 10245
 10430
 10145
 10560
 10115
 10920
 10040
  9840
 10135
 10010
 10010
 10155
  9995
 10015
 10195
 10105
 10445
 10090
 10435
  9965
  9565
 10180
 10125
 10060
 10580
 10055
  9880
 10850
  9980
 10330
  9805
 10030
 10590
 10150
 10590
 10135
 10520
  9890
  9620
  9695
  9360
  9560
 10000
  9755
  9580
  9480
  9725
  9700
  9630
  9910
  9735
  9210
 10540
  9450
  9970
  9970
  9245
  9600
  9570
  9835
  9375
  9430
 10185
  9810
 10065
  9575
  9585
  9335
  9515
  9605
 10050
 10155
  9920
  9825
 10430
  9625
  9585
  9820
 10085
 10160
 10455
  9420
  9875
  9810
  9945
  9635
  9895
  9800
  9595
 10090
  9905
  9700
 10145
  9770
  9630
  9905
  9695
 10045
  9735
 10775
 10060
 10100
  9735
  9905
 10090
  9995
 10305
  9805
 10705
 10080
  9710
  9845
  9395
 10020
  9640
  9560
  9820
  9740
  9805
 10255
 10130
 10030
  9860
 11135
 10015
 11080
 10225
  9785
  9885
 10075
 10195
 11095
  9840
 10380
 10450
 10375
  9840
 10030
 10735
 10175
 10020
  9950
  9880
 10270
 10420
 10175
 10125
  9900
 10265
 10890
  9805
  9775
 10145
 10245
 10240
 10765
 10120
 10385
 10095
 10020
 10300
 10995
 10725
 10090
 11005
 10250
 10270
 10560
 10595
 10850
 10140
 10275
 10465
 10770
 10080
 10275
  9855
 10325
 10655
  9780
 10165
  9505
 10305
  9770
 10800
  9995
 10035
 10270
 10175
 10255
 10125
 10315
  9410
 10075
 10520
 10330
 10010
 10885
 10390
 10060
  9950
 10260
 10215
 10285
 10235
 10305
 10410
 10365
 11205
 10475
  9915
 10160
 11055
 10475
  9945
 10355
 11145
 10155
  9990
  9940
 10535
 10130
 10195
 10705
 10150
 10040
 10300
 10390
 10725
 10305
 10170
 10250
 10520
 10255
 10345
 10435
 10375
 10600
 10275
 10080
 10035
  9795
 10000
 10135
 10310
  9760
  9875
  9935
  9470
  9670
  9960
  9860
  9730
  9940
 10405
  9825
 10285
  9930
  9560
 10350
  9980
  9555
  9805
  9975
  9890
 10420
 11115
  9235
 10305
  9785
 10030
 10585
 10005
  9630
  9810
 10445
 10670
  9570
 10335
  9810
 10320
 10450
  9760
 10750
 10925
  9465
 10185
  9685
  9675
 10255
  9890
 11190
  9610
  9735
  9620
  9855
  9675
  9885
  9525
 10170
  9805
  9950
  9845
 10080
 10175
  9415
 10225
  9925
  9290
  9615
 10310
  9725
  9585
 10300
 10115
  9795
 10020
  9920
 10050
 10505
 10125
 10145
  9745
  9505
 10050
  9580
 10595
 10180
 10005
  9855
 10365
  9780
  9705
  9885
  9825
 10050
 10155
 11025
 10015
  9510
 10080
  9835
 10165
 10335
 10450
 10020
 10360
 10545
 10315
 10660
  9960
 10400
  9975
 10955
  9555
  9730
  9785
  9725
 10150
  9805
  9545
  9855
 10245
 10320
 10320
  9670
 10075
 10165
  9915
  9870
  9965
  9835
  9390
  9785
 10145
  9900
  9595
 10760
 10550
  9980
  9580
